feature_1,feature_2,target
0.07693653675052507,0.9978382798585462,0
0.4601897670049629,0.8928146316050359,0
0.33316153045796165,-0.22485900113896504,1
0.5467467116899276,0.8514545704095371,0
1.2611095003625206,-0.4562399027539979,1
0.6188052026151128,-0.41534261050154303,1
1.835132836226353,-0.044616177763367605,1
1.886756399168708,0.009835531569277585,1
0.5916079764336524,-0.4181814156745992,1
0.6053217199288607,0.8177050635573196,0
-0.998287633650916,0.07011955325505635,0
0.4171551615498026,-0.3188557584377668,1
0.8940768262629643,0.4885674801708995,0
-0.8489338000846453,0.5268481971768478,0
1.20563736918911,-0.45774902501699016,1
0.08751336619756518,0.09112846379490136,1
1.5613133184608452,-0.30341136825854714,1
-0.41674700874307075,0.9071889545308163,0
0.8346512510214532,0.5494844016964877,0
-0.9914787702787909,0.056512571184377726,0
0.5598632901938637,0.8342482219127454,0
-0.7376953259956086,0.6964090412553049,0
0.4630834031032014,0.8870053068087628,0
-0.6527529731771691,0.7641192077970828,0
1.7629713575815815,-0.15987043682558488,1
1.6160359050685194,-0.30651667159595863,1
0.18893706536103944,-0.09883956782809242,1
0.20755483011517417,0.9599785556118229,0
1.9658543489080127,0.2753338361389981,1
-0.745490230830054,0.6396284041003847,0
0.18849587089894682,-0.07440637632945211,1
0.9872067458902202,0.06042737306002853,0
0.061275684190221655,0.19636789712176725,1
0.6160542995867658,-0.42581606819035017,1
0.125689813189781,0.9970593321112146,0
2.0023993821375723,0.3868550248149563,1
-0.7107942755523122,0.7227450535351712,0
-0.7994462796565296,0.6176859024508194,0
0.42475997053831616,0.9043799858795618,0
-0.02152334676192933,0.40295382589499734,1
0.8682879594180373,-0.4949023619201495,1
-0.9504689866462326,0.34883814405105784,0
1.1079782614490985,-0.47482521126709304,1
0.45340022939184116,0.894164542111204,0
1.8999742329231273,0.06204030556299698,1
-0.12402572798210666,1.017481899401827,0
1.1473622767951732,-0.4930377233814539,1
0.9615192248181195,-0.48953950186245193,1
0.5182214340180082,-0.37369941449665733,1
1.9957260145591353,0.3260217436225909,1
-0.5180812991180836,0.8580423858222439,0
-0.593250644824945,0.8164194840269868,0
0.18189073317174242,0.9706406640464944,0
-0.6026322420343154,0.7958729985315218,0
0.9288830882739096,-0.501014513139398,1
-1.0073360946358711,0.08365197150938297,0
0.1303978892088421,0.9838859825914719,0
0.6611591423806004,0.7538445814029373,0
1.2244576379841066,-0.45620064256881304,1
0.005934618381862682,0.47190289749663383,1
-0.8071895393601913,0.5849312769697328,0
-0.6251352546748857,0.7883903036335207,0
0.5955414638564005,0.7844930389299511,0
-0.8630109160781994,0.523393371879817,0
-0.021876722995186115,1.0088835382748136,0
-0.7234811884314877,0.7081461974384201,0
0.3377272568806119,0.9283513501798663,0
-0.3075995062155195,0.951875085093771,0
1.8565131496370715,0.01115456657738367,1
0.9951111977713373,0.13035866324901765,0
0.05730166485170422,0.14578192988175945,1
0.684671167402412,0.7423449850372794,0
-1.0000225928187512,0.04974617024884919,0
0.6330004865389754,0.7695570866518239,0
1.822694329633163,-0.0887410482089891,1
0.8165770791948084,0.5593589705758706,0
1.979040107661161,0.43071153754065933,1
1.7090196469956538,-0.20351987525313206,1
-0.1305159938546234,0.9888088959320889,0
0.5539485110217618,0.8333691766689573,0
0.32444868711334973,-0.24709066519454365,1
0.8824417989315572,0.48468708196267796,0
0.34902338430259644,0.9304367166306194,0
0.7716846034744962,0.6355161118480125,0
-0.4346261918852135,0.899404076338757,0
1.5864132931800625,-0.27126484448483557,1
0.9735195210979136,0.19859574187364312,0
1.0984786720813946,-0.4997834390255429,1
0.43541384770125613,-0.3389592353493609,1
0.9193552893949868,-0.4899961467459692,1
0.003828914408277626,0.4574406057991874,1
1.9361527503606497,0.146381988717183,1
0.177400502354083,-0.08527805811570068,1
1.2378360689347638,-0.4626220075490693,1
0.35250161983505407,0.9374797292440568,0
1.9508314391951205,0.2026425285908594,1
-0.9984919579263623,0.07403753469181877,0
1.6844990485230138,-0.22692497176294732,1
-0.7308658533996131,0.6550488910461552,0
-0.34782697304038984,0.928597381675453,0
1.6139492199876064,-0.2915373782238534,1
1.9936409744085133,0.3802590668983151,1
0.5214007966006895,-0.37360256353638377,1
0.36987056409545327,0.9370095611214752,0
-0.11336483656987312,0.9935710307380857,0
0.248242689744214,0.9614370309290182,0
0.8377195373975301,-0.4756625819690315,1
1.9248008971600663,0.09726064333170703,1
0.7966414555610883,-0.4745947890369399,1
-0.6473940653203697,0.7703337820381985,0
0.014242990313681063,0.3964903443072147,1
0.29122204718305383,-0.19795354695679468,1
0.9152179587277038,0.4187760010843988,0
-0.28998433178042854,0.9460891915884139,0
0.8924560866756421,-0.4641846401940247,1
1.191812278872875,-0.48824299752944683,1
0.2270364096374073,0.9701294518961971,0
0.6186623776981226,0.7954366739739568,0
0.9065453783916448,0.4304754928628992,0
-0.3512942238128447,0.9326867331537083,0
0.4264608051209885,-0.3240751248694679,1
0.02147071175829446,0.2612560349236689,1
1.9676500549954308,0.2643775513005514,1
1.6266241993413604,-0.25511930277554906,1
0.028346662489384118,1.0102292810136069,0
0.40437153102674406,0.9202984786411509,0
0.753977685578874,-0.4835984996547062,1
0.025767403042656324,0.9919532642604618,0
1.1549986518596929,-0.48847765567868534,1
-0.3058590751972347,0.9585756128193021,0
0.9269876046787723,-0.4944830018644487,1
1.9350531398987763,0.1747699254753705,1
-0.013252763600545718,0.3821494947389375,1
-0.3741920682198363,0.9579584662294267,0
0.24774940332960332,0.9782153329723763,0
0.007633458497377644,0.4690539327613068,1
0.840859151710645,0.5565493563822694,0
0.19456249419103194,-0.08019137693420268,1
0.016205280229595394,0.9885890890808622,0
-1.0090970350803858,0.1474941472650645,0
-0.523211099057463,0.8592488830959053,0
1.6850423234907783,-0.23460868755220818,1
0.3763194142717355,-0.2950419722532268,1
0.06566860124314261,1.004575161085599,0
0.7425339770861665,0.6629507157544505,0
-0.662083221433894,0.7576256093168057,0
-0.12073429012221262,0.9874474495685202,0
-0.5763893191624995,0.8109090350259979,0
0.04019951444137565,0.1722845515943716,1
-0.9599284944138712,0.2824524872624502,0
1.5759072056588432,-0.29822215259152113,1
1.266798454458898,-0.47959056513055726,1
0.6692961040244508,-0.44342106463560194,1
0.8822047446920452,0.4752437675019253,0
-0.9042622908952686,0.4267784327890556,0
-0.8695040128848368,0.5139381863880512,0
1.9670156936972938,0.22619925455260753,1
-0.31020233497186395,0.9483410799763787,0
1.0251435999322986,-0.49870922617307906,1
0.05539677277780558,0.17471594724364745,1
1.794464141638006,-0.11288575937360004,1
0.7481480321539825,0.6595640380583241,0
-0.6650154897240317,0.747827932292904,0
-0.45972111311838654,0.8863184144350084,0
0.9285329645548199,0.3775507704535316,0
0.4873352416790375,-0.3614681052246603,1
0.6451014043666952,-0.4250456901891277,1
-0.17374585366555742,0.990522444119055,0
0.17417207699239515,-0.0760784233032197,1
0.9680966703389037,0.15918541458445343,0
0.9252897143990731,0.35736053860903016,0
1.9919816046064598,0.32768509468456364,1
-0.9369102651914812,0.34262099419121095,0
0.9752362044629767,0.24321241221907158,0
0.8558900779542488,0.5271188942001103,0
0.2934692953290667,0.9525168866754914,0
0.0002963088254628648,0.46966124677403487,1
0.9543832583610617,0.3242689563199881,0
0.21433525969562087,0.9742235617145844,0
0.10941143216221091,0.9882710303521124,0
0.7800943225246019,0.610152849339828,0
-0.06573562476089852,0.9882383252693983,0
0.6980704519834999,0.7206379387186923,0
0.6301456754425214,-0.4321341669123422,1
-0.8740427638692794,0.47346265610814575,0
0.6344599478663975,-0.42476655592279794,1
0.3409166474398855,-0.23007822309620893,1
0.18887209523902926,0.9910802459560971,0
0.946750086316646,0.38450991565971065,0
1.9644031544330536,0.24934478567272947,1
1.7452080310021054,-0.15996993626623032,1
-0.19042065503255085,0.9727626957476352,0
-0.6178818547008006,0.7898453155373646,0
-0.818550973684942,0.550753283996902,0
-0.4228706833707923,0.9185405571447491,0
0.8497656092903731,0.48453868966173025,0
-0.9478729191055132,0.3210434098349531,0
0.2512827593039349,0.9747374152203048,0
1.948736396717057,0.1977817030222338,1
-0.84651191069003,0.5346685831882202,0
1.4599270755987226,-0.3868022918127138,1
0.8893822229618212,0.4170258398386724,0
0.3245716723626139,-0.21495591346966933,1
0.8067780452980657,0.5734770820454901,0
-0.8878861706196731,0.47065101869941345,0
0.26440700106071907,0.9602201665116756,0
0.39513581360306643,0.919814841567898,0
-0.38237383726380714,0.9425043374899765,0
1.6075343752306313,-0.28079168104719365,1
0.17518131775419332,0.9855355030012806,0
1.144403688608274,-0.5029303207763666,1
-0.29246097447563774,0.9581123029373352,0
0.1104954857878234,0.9830315808792573,0
-0.12243573736737229,0.9908902871441828,0
0.29009761263530315,-0.18795237862074374,1
0.4217999329328148,0.901839378067141,0
1.970161480786005,0.25709027422785435,1
-0.0034433883936285355,0.9985226348153522,0
-0.9733084623813291,0.22493478440087958,0
-0.8874881121686855,0.45609017420194115,0
0.7315159878453127,0.6857386901963369,0
-0.04241990170220036,0.9940586413082052,0
1.9829423499534027,0.40700692325958177,1
1.6300814321084383,-0.2977887363532141,1
1.2020124902793288,-0.4895063535977624,1
1.5252450136864422,-0.3756349835910392,1
1.978425919460049,0.3749334646010275,1
-0.8071295515835764,0.6179389183527806,0
0.1455429474091164,-0.023454530123050883,1
1.4362229768854262,-0.40421716664302,1
0.5621219782049602,-0.4043043399311869,1
-0.6448203251511335,0.7613801994297736,0
-0.6885748887538239,0.7347541343829718,0
0.6316133316181014,-0.42030308016714535,1
1.924923807381603,0.12111567983342317,1
0.5977226522740183,0.7931574139356674,0
1.066431262893823,-0.49337827643901294,1
0.0570345827746101,0.16367419782785148,1
1.586103425005759,-0.3068115250397336,1
1.937111594644266,0.14259819194997858,1
0.43896944128939114,-0.31679225602501987,1
0.5432068957672747,-0.3682578723058237,1
1.2291773744968812,-0.47811411939908804,1
-0.3866562206246303,0.9208727945589026,0
-0.15180566423394343,0.9793563588340671,0
0.5502066488637075,0.8375201685044699,0
-0.797229280197879,0.5972267471567524,0
0.042744562094061606,1.0078578947227597,0
-0.977646175554765,0.2575338130756452,0
1.9893093683244594,0.3784461571836236,1
0.8042078043983897,0.5833946320908673,0
0.13834079075735659,0.008401610059179256,1
0.5533386498764612,0.8398460298880718,0
-0.9870296636326907,0.20322474578528804,0
0.13361936703212546,1.001526291736383,0
0.5704297490700375,-0.40717604322970263,1
0.4580893255054662,0.8890476679644818,0
0.8546213361717012,0.49743019805394534,0
0.33348574640402295,0.9295101051891719,0
0.7792506699552036,0.6182309981067463,0
1.5826168612610183,-0.3200700536263511,1
-0.9982576621021709,0.16826835022711797,0
0.45398892693589954,-0.313561041615479,1
0.31250827301852285,-0.2132626057222917,1
0.6588504175673149,0.7629569951515036,0
0.04037099174611911,0.2174903869601526,1
1.0056572132987451,0.07841170835633193,0
-0.08514622508127137,0.9919622271203669,0
0.037759103650840495,0.15041411842574393,1
1.794126852968829,-0.08842484674159319,1
0.9577348406856173,-0.5104471155123911,1
1.5481464136918675,-0.3316876606897631,1
0.06180306985707753,0.12503796348573237,1
0.13843320142327592,-0.020480819528667718,1
-0.44023999193363417,0.8947767971098864,0
0.09658551109007839,0.9891132105601094,0
1.5580286634958176,-0.3255653598478091,1
1.7597822804577756,-0.16358092389801232,1
-0.9661729242969753,0.23075418529911654,0
-0.9708615074595398,0.2747520174669269,0
1.59970905009984,-0.2909257724571369,1
0.6117193954646117,0.7824050516211918,0
1.9931397252576264,0.3674653079795674,1
1.2433536148137792,-0.49426996599433515,1
0.9676567869191307,-0.5042029033493266,1
0.2808019802620544,-0.20133882818691554,1
0.9241865881506282,0.38958904594632565,0
1.1258174701979795,-0.4895318942686287,1
0.014365215697073403,0.3146102144856889,1
1.7243687243652297,-0.1898850959863348,1
-0.4809739306246227,0.8843481760615868,0
0.873021608638617,0.49281748857432345,0
0.8615831700059159,0.4980261344532926,0
0.03170998192503344,0.23251990787781565,1
1.1242611294500102,-0.5019513531549175,1
-0.9972718922151262,0.09885588623996874,0
1.7747002904294482,-0.1565305377868741,1
0.003131280620978534,0.44853430234561625,1
-0.3002551744726,0.9415430543628536,0
1.6091553816818032,-0.31654945123129785,1
0.6535779325708749,-0.44093892648095273,1
-1.0119159233572126,0.048165114023620635,0
1.037808670189356,-0.5009974881942344,1
1.984820752734723,0.48270540243042115,1
1.9495620371246498,0.1745850152993125,1
0.03233062084857072,0.2448845278855395,1
-0.9219628517858647,0.38902687166236105,0
-0.8126193838911082,0.5857205160838999,0
0.2240408739189932,0.9670222166710469,0
0.3554322765106558,0.9478049024075874,0
-0.28935869721863805,0.9670818730218075,0
0.6623838582055271,0.7554614755946345,0
0.20595511660483828,-0.13107390004588151,1
-0.387739723793917,0.9215465322545952,0
1.5404172427321352,-0.32616463328675327,1
2.0020182353381926,0.3461793705775077,1
0.7981897251071334,-0.494670845738096,1
1.13755624367861,-0.48927770129414505,1
0.008939943546603175,1.0037856657364645,0
-0.9580040370307125,0.28406138627931016,0
1.9661919499059815,0.27102479448534494,1
0.03847467959656713,0.26982224402583704,1
1.9895793958635333,0.3212804064358224,1
0.04854678963543133,0.996785498755032,0
1.824736578417047,-0.050155753852566626,1
0.5695636626928049,-0.3998847078624112,1
0.27157568802039433,-0.1814076776580316,1
0.2370686339352265,-0.13863978933411603,1
0.9695590739746831,0.2909312797270101,0
-0.048496679808371614,0.9884162227078861,0
0.9152548354398726,0.4301954036801498,0
-0.9856593934520957,0.14021835998540805,0
-0.09393170911842576,1.002889989042417,0
1.3122039165832482,-0.45732726757502884,1
0.05316295004053813,0.9905561407934929,0
0.05154539561215664,0.21333429850086932,1
0.26957151721718414,0.971090841220079,0
0.8757080184128806,0.47944526551607136,0
0.5110075286520334,0.8508679067164452,0
1.4307622196908776,-0.4070990327254618,1
1.3178492225658447,-0.45754096459823923,1
-1.0002720265803982,0.04329362580570986,0
0.06783453217351407,0.14348077661891656,1
-0.3116447064450449,0.9523279470538255,0
-0.9070718697757605,0.41598289676793065,0
0.034913220506919425,0.22000912393754188,1
0.9082449486584567,0.41774312624178633,0
0.9039478545297136,0.41807804711566976,0
1.118678170681025,-0.4905316737132328,1
0.8932605035484266,0.43982763652988494,0
-0.9997095710588728,-0.009866765114518776,0
1.756200618019002,-0.16253079217044925,1
-0.8798691902634856,0.48216316512912777,0
1.8280152058975985,-0.03316311660873768,1
1.8004578726980571,-0.11145125682972966,1
-0.7976260462245566,0.6249889115809263,0
0.7571288988408291,0.6439829872916041,0
1.1864846450797641,-0.47480459033436223,1
1.7216071780538185,-0.16141921857338062,1
-0.9664911275101258,0.2973048875405782,0
-0.9973022963297861,0.08354523693565105,0
0.12491770498586027,-0.011018398694324211,1
0.03079354682991558,1.0010353757878274,0
0.8625509572143447,0.4944349886697287,0
0.9487079805223707,0.35505444748676407,0
1.996700940100135,0.4411318367454066,1
0.042645319012586766,0.9889970915638162,0
-0.9433873080141902,0.35288531394638667,0
0.07518068384537875,0.12237480360912263,1
0.060679509544200684,1.0022841475482172,0
0.5514902017306076,-0.3982478774193367,1
0.8740405433735887,-0.4925528717418248,1
0.8466260378122189,-0.4823713545820296,1
0.8273315059864276,-0.48018292060394563,1
-0.41351405702687305,0.9086686447174697,0
1.068212274353234,-0.5020946902362584,1
0.007663198521557387,0.4313741919820347,1
-0.9296537527133348,0.38491344253296955,0
0.4570413051341841,0.9132095542123173,0
1.057100759498534,-0.5012105847766639,1
-0.6871545069142534,0.7324400461615126,0
0.1636845811877558,-0.06211445565955361,1
1.5629289092681942,-0.3308995721793503,1
0.9175311911219131,0.3680764672711416,0
0.5527164813220722,0.8243302363088415,0
0.4871086837737179,0.8640354481340635,0
1.9897581569466818,0.3058066458125258,1
-1.0082636257632995,0.009837864873039628,0
0.277510745942055,0.9500453897902695,0
-0.8679683211967281,0.47152241364171227,0
0.006063817123615523,0.3558381809738116,1
-0.0008706148823111643,0.47127503035350377,1
0.2070194938628301,0.9625437606087509,0
0.09987123769284331,0.061234532386851,1
-0.9138457583107639,0.4045919111684612,0
0.7705202869938148,0.658202064873,0
0.2952714565447132,0.9666207514490603,0
1.889292182308685,0.06942437631762859,1
-0.02108494452866162,0.9868543100060997,0
-0.969582428894234,0.28040891527061673,0
0.14222525750058884,1.0010775248967316,0
0.6268305757692818,0.7722039096354454,0
1.8127386921551019,-0.05783964125532503,1
0.7506421630651317,0.649430930024198,0
1.7017218390111823,-0.23058556737910918,1
-0.792372551704769,0.6039318400104691,0
1.0142873240193955,-0.48979879684553584,1
0.7456802314309287,-0.46658100685240433,1
-0.8563798830911773,0.5147008220944854,0
0.2784217234610214,0.958230827380599,0
-0.009651829219319924,0.3190470136207909,1
0.8607225321228205,-0.4963418410463151,1
0.9826343011893581,0.13639388467518762,0
1.8312273955074558,-0.04830905030142449,1
-0.7118857795634986,0.7153235913682355,0
0.7861988213934652,0.6159853750451462,0
-0.8716265976715862,0.5080117108531617,0
0.6739470195868457,0.7190553331702402,0
0.9944502587065851,0.21598789473100774,0
-0.4717265086004611,0.8860372779757635,0
0.41637456035500914,0.9145141674333697,0
0.012736799239294619,0.9992775466419674,0
0.5863077645506852,0.8296859484110254,0
1.8811196859658275,0.03845858188221914,1
-0.9661719772236234,0.21083508744717744,0
0.21365480978356854,-0.11878466657930542,1
0.9453890486633184,0.3514717919584942,0
-0.7559927571546444,0.6723667606748995,0
-0.9043376417978782,0.4477057883841643,0
1.67063087657172,-0.2288581921329155,1
1.6312965003080844,-0.28661678849598277,1
0.36955059439063764,-0.280772578655814,1
-0.8986639153409752,0.4695297773548016,0
0.9581345551561515,-0.5027240186022756,1
-0.6455244175387248,0.7461247453557446,0
0.8870498162490106,0.4475234652414283,0
0.997844813462714,-0.47216650280121514,1
-0.7899776976353764,0.6169281994237317,0
0.13434062845771857,0.008149727038590186,1
0.884587340806178,0.44590043478041624,0
0.05837058710089366,0.17811087836901252,1
1.7125670874355357,-0.20199845095537983,1
0.3309139152003436,-0.25376241924844717,1
0.3926656990459468,0.9278512630740195,0
-0.70824553623091,0.6854472662220805,0
0.07321967582090691,0.16284707723373415,1
-0.8466121094891728,0.5138846361625862,0
1.238969066389976,-0.4966010739459055,1
0.17774411194709916,0.9776459647217733,0
0.5036424055698133,0.8627516696444627,0
1.651020258517735,-0.259084051245071,1
-0.4113340018542427,0.8940017198560817,0
0.20613028101742809,0.9768720805536026,0
-0.9847444964385463,0.23684065434331814,0
1.0094580614040993,0.0006359680545240873,0
1.8715570653848566,-0.013920587013768236,1
1.8139828324650462,-0.06454567521673629,1
0.7894089963175894,-0.4785536115584789,1
0.4398794309766519,0.8831990721773241,0
-0.0075619152868600355,1.0011349037763306,0
-0.49331622367911393,0.864946038769808,0
1.8069647979295664,-0.09766344622204089,1
1.0642652997039885,-0.4843388918010593,1
0.12796024418246427,0.0074888721427376105,1
0.4861344623338791,0.8673544124666156,0
0.9138035524834669,0.4368774192571496,0
-0.5420342892742692,0.8249977865711375,0
0.04427555307238297,0.1924641297367961,1
-0.9080301107460954,0.39611783585892235,0
-0.3752392817805853,0.915891697274221,0
-0.9851724658815014,0.131620543749193,0
0.8875040654639988,0.39909405578309254,0
0.9688296738215657,-0.49989709879573274,1
0.5615352007028608,0.8214221389259139,0
0.15943381934286818,-0.023662486811962112,1
-0.9342388145138424,0.34588770319485507,0
-0.7958402133657737,0.6150274140282466,0
0.2708486555132876,0.9701853254994762,0
1.7145566002937662,-0.19690422096204246,1
0.5156165727767859,-0.3635668210696674,1
0.5732300410231533,-0.4150222831211395,1
2.0066081579097865,0.46131740884848244,1
-0.9817227335115712,0.13346694245714796,0
0.41765327259037266,-0.31826135348285073,1
1.260792819997157,-0.44749087558247785,1
0.031915741498301134,1.009776454976794,0
1.378144681770829,-0.4151082962766433,1
1.2800244665019826,-0.458637883903736,1
-0.26132680111016826,0.9584203491878813,0
0.8498708352065666,-0.4791110708057658,1
0.018143868815585235,0.9993440944266584,0
0.06789345135904547,1.0086251385488982,0
1.696007058100234,-0.21785426741337016,1
0.20928415640698686,0.9874550646633339,0
0.23935019311017355,0.966575621904654,0
0.13059609532480562,0.027255470176554525,1
1.1912889586698507,-0.4901555560429983,1
0.1060926827980406,0.0831547057549164,1
0.4737121027268868,0.8829793104157317,0
0.723683321410576,-0.4519578473032777,1
-0.4607604228846589,0.8823233420606079,0
0.4352124087451592,-0.32128597387775143,1
0.45479656836086146,0.8881872240398199,0
-0.3348061090443036,0.9238673558411137,0
0.4092119603645018,-0.2979516624120849,1
0.7089038920391194,-0.4493613544158364,1
1.8857997248010865,0.05925351278734745,1
0.5649464694878009,-0.3990770119975056,1
0.09748392926834555,0.044060865476020415,1
-0.4395526605801962,0.9225322890443749,0
0.2272910554469739,0.9725261949807675,0
0.5701528774972133,-0.40638869800009875,1
0.8710247161322869,0.5148544755951409,0
1.9863191167464227,0.34594754309274556,1
-0.07303102900994748,0.9871372862947716,0
0.40248420958460285,0.9268151533224762,0
0.3493348901147005,-0.2605939887761451,1
1.2631637471200516,-0.473399112341147,1
-0.966584550347555,0.227974841226795,0
0.043065986787531325,0.2478888583835973,1
1.8460012068767089,-0.02331377845438031,1
0.09227406863793672,0.06409634172649954,1
-0.9788911047023893,0.25527035466341674,0
0.8141893522632492,-0.48555458236852506,1
-0.4413703265861749,0.893337099908259,0
0.4956108764669877,-0.36829723126067726,1
0.036004005018251364,0.33749751059928174,1
0.9998274733462418,0.007675562863002131,0
0.6472958264064128,0.7511643786958986,0
1.2496855610678144,-0.4714233704644598,1
0.15660202147034885,-0.03932591278393154,1
0.6638861203406999,-0.4359677309887396,1
0.6742938529936755,-0.4567815899457,1
0.43485027025660483,-0.34338317606088636,1
1.366381958094027,-0.42356330202896303,1
0.5645146118844797,0.8265945504425389,0
-0.20309626600975234,0.9774047216994916,0
1.8656065047089605,0.019130177101078172,1
-0.6707839739099611,0.7444740129729831,0
0.9834067776700206,0.22536535967854504,0
1.8600024307366236,-0.008014119591772204,1
-1.011997316080761,0.11171879898359663,0
-0.3379370256552902,0.9336588584581126,0
1.544471559657237,-0.33488241466301016,1
1.691683874318,-0.23887574524399,1
1.7672853648132196,-0.1440358467620659,1
1.9815845719631462,0.27904261089315613,1
0.38986494492567736,-0.28776360775781124,1
1.4582880358511483,-0.39372939461692885,1
-0.47496938154992235,0.8805440139642442,0
0.6694977610998745,-0.46135932075056296,1
0.006430631190531945,1.0006791115572047,0
-0.7774730420823239,0.6274006566887824,0
0.9452734572016209,0.36661999359821135,0
-0.9752474404725366,0.21865292077762427,0
1.5280611853737527,-0.34752136060221717,1
0.007254129466755965,0.4869285330765533,1
1.5164825932054997,-0.3607775404485055,1
0.4956934505869726,-0.35749052971281403,1
0.6924611152582628,0.7185946895250522,0
1.9858786212350905,0.36907575124181874,1
1.127225250241093,-0.5006982706081197,1
-0.6396331451335234,0.7754693881632638,0
-0.7138248961654823,0.6784786585129393,0
0.09928795192642952,0.10988345690249306,1
-0.42444743583009764,0.8961745975592733,0
0.060294224342603515,0.1295326354240113,1
1.3831131540226078,-0.40234056862362255,1
0.5936866603013483,0.7965655724559758,0
0.11656396369422983,0.009123187747568894,1
0.4964444366048095,0.8631880140878904,0
0.7261856714091401,0.696250569100863,0
0.9519262113681207,-0.4988432757512242,1
0.9757143362914666,-0.5004635458176181,1
0.9964904870636878,0.049000473666209673,0
1.2802835837687727,-0.4556823207725037,1
1.9742798011277376,0.22886213175053124,1
0.008178661506715387,0.9880210157151704,0
0.033141162140640605,0.22247993275662853,1
1.9957487592808232,0.3782019382596511,1
1.529786872369003,-0.3392887558711529,1
-0.9542636883843636,0.34367598991532733,0
0.6083067282008071,0.793581936508522,0
-0.45370743038835626,0.8968539705660875,0
0.4264916263207933,-0.28891752315361935,1
0.6547303424239224,0.7629763581216481,0
0.9923285756778607,-0.5031541156893061,1
0.6776419658605263,-0.45653372498349654,1
1.0017764976288226,0.015536758072662357,0
0.2632742867208979,-0.1830009499613186,1
-0.7380515343546517,0.6903266301769435,0
0.4158378816680784,-0.29671076836285354,1
0.6042071283758667,0.7858875484352477,0
1.9416656363348448,0.15489888426133588,1
0.01886844399461627,0.26338548075938223,1
0.3700826680233649,-0.27432528964435887,1
1.9793114759317993,0.24570932063548329,1
-0.8511470793198036,0.546516944922272,0
1.902212873924852,0.09729860513111473,1
-0.9062926007521814,0.4283282010901174,0
-0.9494352460754415,0.2854181337857422,0
0.07171624888290926,0.15164647059303282,1
0.8847142390989954,0.44510222313507414,0
0.3490948079398904,-0.2887686852800985,1
1.94420546268603,0.12124203625488489,1
-0.0778152906935629,0.994565832552521,0
0.3807281285000928,0.9182243804447126,0
0.7948788930322723,0.6088591235942675,0
0.17699571933816943,-0.04345321912577462,1
-0.952240269512385,0.31113157431875166,0
1.7371920479357197,-0.1666602281185125,1
-0.8412492006992855,0.5538104392451656,0
0.7883036654619319,-0.4954208822117824,1
0.22548469651530656,-0.1487535810322056,1
0.7024177552004269,-0.472300553654436,1
0.15826691327963838,0.9891076559521957,0
0.04142468327029293,0.22767354204039397,1
1.7763744868990183,-0.13696671490015946,1
0.33220102391111617,0.9506513862436652,0
1.823048991629347,-0.06328251531287633,1
0.08627348118922322,0.12087501532057998,1
-0.9577238818288862,0.324225915899259,0
-0.6315619477448647,0.7593902686700368,0
-0.8059794297317785,0.5660086264353212,0
2.0027157110523834,0.5051336045090511,1
0.6844310700269985,-0.43960947048199844,1
0.8947800649252452,0.44398425376756273,0
-0.147327157804786,0.9855350639194275,0
1.8707673618648788,-0.006408665695616743,1
1.9612798730452694,0.2297348009649453,1
1.9287022935055773,0.1421731333607565,1
1.721521076726955,-0.17573359902263724,1
0.3887238186774616,-0.2809305821629185,1
1.707331642348541,-0.22293073723061768,1
0.02333403140797264,0.2940710491438623,1
1.0392193462763761,-0.49553269576984943,1
1.8009173029009231,-0.11216547559681217,1
0.05055368003075764,0.9988097163048055,0
-0.9876788206718388,0.07801212994111378,0
1.9215605246415948,0.1323251491252512,1
1.1740263877093755,-0.4822151716488823,1
1.9914936376618482,0.49162649545147086,1
0.9791599383166779,0.17630339288564018,0
0.3708108333183509,0.9256141491438683,0
0.6110663609815469,0.8036935436302469,0
0.40164203812905486,-0.30849717276937083,1
1.5121421724588175,-0.3844129767906182,1
0.15822279250952728,-0.028512912765904508,1
-0.9892329827654297,0.16814400340997518,0
0.12879523039287558,0.010094236291705187,1
1.7514031813725657,-0.17513082572750135,1
0.13856779834188265,0.9869767274798821,0
1.6065034558776696,-0.3005996613126532,1
0.0185554471410585,0.34557823777562724,1
2.002538394778623,0.34392550138019384,1
1.993485200382853,0.4100943904959246,1
1.4681045275417954,-0.36528329702932405,1
-0.9482979501410931,0.3328237048186504,0
-0.9367308765689532,0.3288941262426247,0
-1.0145325210196896,0.03549334302964847,0
-0.5865362647728196,0.7798125072710915,0
0.9971804025122769,0.10500990637351301,0
-0.018818914971031823,0.481281942674755,1
0.003962598905214352,0.35462257694521937,1
1.157556863970999,-0.5252780699403042,1
1.3372602946618968,-0.4424263239160772,1
0.017590606039644227,0.37814147415134514,1
0.9297029384243198,0.3443639926931731,0
-0.3600772504647379,0.9097573645389873,0
0.9959356668528422,0.08137428645151984,0
0.19903675711448762,-0.11665192370394663,1
-0.994712826290202,0.11490693760005619,0
0.16382003777876736,0.9818563068181477,0
0.18637455663931446,-0.05812307499893213,1
0.998867663403664,0.07582026226530725,0
0.04550948138679149,0.15749062629808722,1
0.8399940633405518,0.5650988345028627,0
0.976582750869832,0.11409647582352342,0
-0.15079260355990615,0.991706594876652,0
0.9138775535988574,-0.5075149759997573,1
0.6753243021164236,-0.44251786329587367,1
0.022720235268868363,0.28086842250994604,1
1.552205546301485,-0.34777839404432676,1
0.09575097020180989,0.053922435399429654,1
0.44272749793259075,0.8814401132331946,0
0.04121276465515269,0.21728529435394278,1
0.4330968402039806,0.9021306138473126,0
-0.9650689595285603,0.3079764510346936,0
1.9804371165415364,0.2486051715622543,1
-0.5807928091254514,0.8105865081775215,0
0.1303427660455602,0.03315610742129763,1
0.4288508789882948,-0.33023526938949344,1
0.6270249036201848,-0.4608666691225484,1
1.0033004668074694,0.1211824520590709,0
0.4473655342964189,-0.3287960760948735,1
-0.14935716686754685,0.9892462091613556,0
0.2781010865071765,0.9454125938905766,0
1.9699145863418535,0.2859996180140501,1
-0.054618096063255406,0.9968635912317964,0
-0.5349324904928935,0.8519242308726183,0
0.6474289131897788,-0.451248357964866,1
0.40133389962834903,0.9119268948136532,0
0.17234934896855839,0.9712793452675388,0
1.9753592215907836,0.2859041146599908,1
0.965126384649933,0.32707699533726425,0
0.17232058159544417,-0.10444917989618153,1
0.003123816611208859,0.4937207565224465,1
1.5391244359197698,-0.3260720424613132,1
1.9852709469172003,0.4692220366103999,1
-0.9454144274532326,0.32735309176159627,0
0.8908797056589695,-0.48463162642615376,1
-0.644720302939211,0.7680927802774967,0
0.8132494306428608,0.5648483603773065,0
-0.19223862196786448,0.9864526343670246,0
1.5463933526738198,-0.3290924544940225,1
-0.5958320214558196,0.7856266090395592,0
0.922472549315436,0.3971628174222817,0
1.791272470221708,-0.09284325909315608,1
1.1372685458385001,-0.48706376836282134,1
0.9146379469833766,0.44225511149703906,0
2.0110043564060334,0.41727469741387657,1
0.3731025688889712,0.9406996661526145,0
0.3047802670697733,-0.23856958337704953,1
0.11349725602243779,0.9860125255135336,0
0.933418279398101,0.34049992130042567,0
-0.7034307383263885,0.7122491071554761,0
0.03793673242312576,0.28487066656575366,1
0.678979150733874,0.6948858302370434,0
0.6140005819553047,0.8083305436007373,0
0.8341854715093671,0.5468049380633797,0
0.8907349350130399,0.46212593429220844,0
1.8635376674000816,0.006318943178436651,1
0.19132609827615382,0.9855082808065645,0
-0.21046323329068128,0.9772827239936539,0
0.282098752428513,0.9426257825230334,0
0.8904846262195862,0.4233157444636728,0
-0.8669838908129291,0.5350235708832092,0
-0.05334317755935613,0.9984910336646905,0
0.9560457301182685,0.31764798526654964,0
0.8037042291669466,-0.4822613126622902,1
1.9666251824492194,0.2499413010868246,1
-0.30700877114344205,0.9502158302687695,0
1.6561990141611782,-0.25195286387628407,1
0.6953004855111102,-0.44741794308706095,1
1.0010405424393591,-0.013819751547922364,0
0.38212963748432205,-0.2977347001664684,1
0.06002192142699322,0.20784815547066732,1
0.9696300407533691,0.2573097949026086,0
0.9272649188434671,0.40007572277426706,0
-0.897693031452948,0.43553631725962116,0
0.20997837288670823,-0.12143239277155093,1
1.9039783006188487,0.05509164295042823,1
0.023761184467789166,0.9840580356365988,0
0.10437952036758583,0.9984718493307622,0
-0.5127096504071703,0.8509124571659794,0
0.8656363762760276,0.49970604291503845,0
0.14634331227156175,0.008892830685645016,1
-0.9595739986890971,0.2641532333914243,0
-0.5770706579890046,0.8331631940842948,0
-0.8837950129864324,0.45399677095042434,0
0.6647540750719116,0.7675059665501274,0
0.7296035861867692,-0.4598095678705971,1
1.948480074922364,0.19201221193546808,1
0.05807488564110297,0.19516253636700587,1
-0.9655864745852951,0.14763255274682324,0
0.10035471025256816,0.9903524514014862,0
0.020147687208110998,0.36921853502444285,1
1.2239523874945666,-0.47992111132686344,1
1.9106940247161361,0.12322937224328957,1
0.9776086196916177,0.22923053890702905,0
0.011163074967187912,0.4117964568729045,1
-0.8986276877085129,0.4114505056199434,0
0.2855958230058245,-0.20459924691865158,1
-0.8046758557560144,0.6040866282628062,0
-0.8113835153807729,0.58209871338646,0
0.9527489306562936,0.2908948947602435,0
-0.6636700124224687,0.742768436692593,0
1.4604774014363684,-0.3853444064809872,1
0.6213656333688574,-0.40449779188560436,1
0.9728706205628408,0.16480144605534552,0
0.8102401144465192,-0.49301198143768515,1
-0.907722513636235,0.3804778880545451,0
0.23292570401261015,-0.12693663370996405,1
0.9291221940796474,0.36695855538517175,0
0.9299505625119209,-0.4784191963016267,1
-0.24095221029141634,0.9544866198532724,0
0.18962031301412316,0.9801163606336856,0
-0.21112229422794832,0.969728999197977,0
-0.4657144695337918,0.8820730093200033,0
0.7471325494505042,-0.458777581126804,1
1.5138662481419045,-0.3647934532240246,1
1.9797593952100334,0.33638340378871345,1
1.7041865002213676,-0.20179491655828624,1
-0.7625199989124141,0.6656952832329012,0
0.852839972123373,0.46772910020219155,0
-1.0055109745949669,0.07464054329842913,0
0.10227884771041063,1.0100980021937225,0
0.008534714654914904,0.48791652941935487,1
0.9667904000888436,0.25579778921029733,0
1.9823496100240714,0.3068231504326202,1
1.4824166893767547,-0.3750780701056801,1
0.7310834144721082,-0.4766750026603575,1
0.0017237581179792094,0.978503744336518,0
-0.013475952603416438,0.4551521686408488,1
0.5409973492557181,-0.38351069964260814,1
-0.2576268885110784,0.9798410702798769,0
1.0130211101315523,0.0154274385962659,0
1.7836069439864517,-0.11357401567413113,1
1.3205294797458054,-0.45541673808425454,1
1.9728562736719244,0.30304507429123306,1
0.28680288333371073,0.9438359668934739,0
-0.6516459151469094,0.7648994101377121,0
-0.23896680476940563,0.9850686249098424,0
-0.9282922998685037,0.39029178722908225,0
0.5965667687756897,0.8090518469644146,0
0.9206265519592066,0.37263863784674167,0
0.9633942134103346,0.2462443163966007,0
-1.0034295090163767,0.15235186810416007,0
0.7694915877012201,-0.4666418342243743,1
1.0159107231844815,-0.48977576242192716,1
0.9993043197034954,0.2194933636946416,0
0.7342854734345632,-0.4639605294403367,1
-0.5935316061463893,0.8039885334611534,0
0.8070503516004763,0.5937185361999956,0
0.7052400958327073,0.7086673200184953,0
1.9754256392823162,0.23639786294497311,1
0.4092524688686672,0.9029688926404924,0
-0.9583865213422905,0.3421603457315737,0
0.20895575343363432,0.9721206062955482,0
1.1802927801891612,-0.49929670014395194,1
0.9475705543849005,-0.5039049111898474,1
0.0188167997578742,0.284240032510502,1
0.9177358559652035,0.40905984738474743,0
-0.9902115086730335,0.011128360757261991,0
-0.8809908945043625,0.4452334909519561,0
0.8914495196427705,0.4575076342846894,0
0.9646491772273136,0.2613894276570053,0
1.5292899478652762,-0.3416228241217626,1
1.9527792876741814,0.15318301481758037,1
-0.8439014097151598,0.5305944814075847,0
2.0012673851988096,0.386868758573343,1
-0.672595102400409,0.7447617541256739,0
0.19044248952862633,-0.09607703740820185,1
0.8020855995053159,0.620265188369414,0
1.8645479021228952,-0.021623675042682623,1
1.8392833792233085,-0.026976563675682498,1
1.9806280455676704,0.3675090156865828,1
1.537375692505536,-0.34563542019444726,1
1.991258607286753,0.38540092735928294,1
0.8194486908765716,0.5808151536492793,0
0.6550062300418983,0.7471566067679855,0
-0.30201917697747077,0.9504351552054178,0
0.17345348647925138,-0.056793858916413045,1
-0.9820755443357748,0.2397846264438872,0
-0.3702988720517432,0.9162883077215392,0
1.877185858675595,0.011285048249905217,1
0.9474438997396465,0.3588397710706984,0
0.3665389748280879,-0.26820729336568117,1
1.8907239031333694,0.02166224144106479,1
0.08110673051284749,0.9953731808998049,0
0.006883389636385443,0.4045582979532287,1
-0.1611851694418806,0.9906043918568553,0
0.8073972510997025,0.5760051704323336,0
0.5711908103990286,-0.4216170455244973,1
-0.4810470635569481,0.8838262092234602,0
0.0338803174369873,1.001146060940486,0
0.19312710759294335,-0.12151067658132997,1
1.8941312075909802,0.05237498256960363,1
1.2849435689122581,-0.4542125836115509,1
0.7444898849940511,-0.46869169178042425,1
0.3257436070206609,-0.2242854843619536,1
-0.9952882054976948,0.021908636987004678,0
0.8752214239897451,0.4637457599106027,0
0.5992954182930186,0.7939549005885357,0
0.8889776181398048,0.4633620079778833,0
0.6741089018953172,0.7505808531612566,0
0.7978819246817485,0.5881539394217502,0
-0.12114388864589878,0.9580619919035701,0
1.8466260108103394,-0.022072251469820406,1
-0.9549323874741291,0.2595906837198948,0
1.9121636768618961,0.08441860932499975,1
1.5454482278152697,-0.32711061481941867,1
1.8499147248184638,-0.01265951036021636,1
0.24387365182738216,-0.15669202074068203,1
1.66173689158731,-0.258763064587879,1
1.9034593517057132,0.046628857827383484,1
0.8982606666305009,-0.4953795468445633,1
1.9885819946121648,0.3233219501363281,1
1.6153654822855368,-0.3040020245513781,1
-0.8950139604252972,0.4700083744746189,0
-0.7407250112691378,0.6934633475759913,0
0.3376160661826719,0.9409143367577254,0
1.3736395293080252,-0.4316997889017639,1
-0.9864002683494408,0.07600850614343319,0
1.4951310067063255,-0.349427592130059,1
0.3879599184504882,-0.29440758459343025,1
1.1619233336938624,-0.48011599117356246,1
-0.4085950164550387,0.8994350777587703,0
1.8673729156569736,0.0044437264405314415,1
0.9962723368982875,0.04207796525401416,0
0.25536338807607734,-0.1774345879575723,1
-0.26367217482164357,0.9561762981020212,0
1.9008872143298245,0.07696850254543804,1
0.9439855202591969,0.3054748675727127,0
0.9761566572441929,0.19570975493860024,0
1.6700194596235947,-0.2233252331528853,1
0.4907477188500095,0.8778018760739509,0
1.8980084721238069,0.10703183395486399,1
1.6086788067440598,-0.30674589857262036,1
0.27383844425007176,-0.1901567513998686,1
0.12888868968921718,0.03600275109638637,1
-0.9594693315286015,0.26987878929949194,0
0.8554908248152635,0.4764054654223854,0
2.001594885698027,0.3843692506900478,1
0.33723709568243504,-0.2570314607553888,1
-0.99824570487661,0.07209000725085153,0
0.23345321414790618,-0.13832331148644306,1
1.0359503702127824,-0.5102064974929714,1
1.9972949385198453,0.40453507448329246,1
1.9887260557709485,0.43719547720168267,1
0.15361657093970713,-0.04297265911346915,1
-0.15960050210129947,0.9836814960993779,0
0.8763340176454503,0.48139951932045927,0
-0.6654573607091444,0.7743690290762771,0
-0.9874932295112065,0.2270686597961283,0
-0.9541520720966749,0.2928253504131804,0
-0.0452203370694217,1.0023310140951784,0
1.0062207352877732,-0.5111657782403214,1
0.015186171446736318,0.4286371519909754,1
1.9911532089199961,0.30202327394649586,1
0.9835759258884518,0.2525251379793762,0
0.4852968369629284,-0.3568694512428031,1
0.12858685771426723,0.006879632404895881,1
-0.6051076346257088,0.7992676592558536,0
1.9906098168119348,0.4451238477427374,1
-0.0013182634349311218,0.45245224990740174,1
1.6543364358387547,-0.2560500990784114,1
0.7261035588794947,0.6814883533986468,0
1.9263308240173915,0.15541000738206212,1
0.9260875852120083,0.39929733808119516,0
0.949440970109332,0.34849501449563697,0
0.9980174305809938,0.15389094938190923,0
0.006345837285818383,0.35035390732923677,1
-0.943805684511014,0.2893863712085777,0
-0.7923867945063927,0.6183225841391783,0
-0.37847386395564064,0.9465479437367957,0
-0.014124375134792545,0.5025170268967193,1
0.5785835111945404,0.7949514160648428,0
1.0073503329096032,0.05542723611881921,0
1.9885169611080191,0.2528923314165552,1
-0.632367748188267,0.7658847011388912,0
0.18979738549500472,0.9882129229756582,0
0.3228687459188096,-0.25930873476464816,1
0.0076940514056448115,0.3501567737556667,1
-0.7311992363409975,0.6571754516870654,0
-0.9369599199536515,0.3758280925200994,0
-0.9762506734460574,0.2410104775463475,0
0.293045961295712,-0.2005359266048766,1
0.7678890038660212,0.649545837702195,0
0.9140059172409848,0.37236534832587814,0
-0.544855761626289,0.8431833135686414,0
-0.07722616686792017,1.000210360967398,0
-0.09173001038879024,0.9724119425324067,0
0.6012302341360357,0.813423275254447,0
1.543156027361369,-0.33536800208103257,1
0.8151124017892994,-0.5007312846433514,1
1.4768918325185605,-0.37479513674074405,1
0.005137640072114821,0.48119636355989226,1
-0.3970809955048939,0.9197076444707668,0
1.0006067359699125,-0.0006639208957743567,0
1.1442892252727828,-0.4905739445309945,1
0.4067402503873637,-0.30665265807779185,1
0.852059582186135,0.5426392477538294,0
0.6210044407554184,-0.43163276506601234,1
-0.6285192132441345,0.8090267260065847,0
1.0158952545124125,0.07142480187616632,0
-0.9482455064794318,0.34461743044815685,0
0.39187231724165644,0.8801185975320651,0
0.28735981804145,-0.21283644974634316,1
0.17801742062852935,-0.04522963164774983,1
-1.0072800011412033,0.07283735034293264,0
1.642131455220267,-0.27298203252318537,1
-0.21397367872289502,0.9770837998527433,0
-0.8591466521378096,0.5396922123912345,0
1.4861182544718714,-0.3757580502407824,1
0.7459719405577894,0.6550153616525806,0
1.9847277906452654,0.2542609469843868,1
0.7254276489660122,0.6549485204084171,0
-0.923240273469332,0.38239239751459536,0
0.9582468561215235,0.3178466436578182,0
0.22038504563773512,-0.13468492568636012,1
0.1506990506692612,-0.0034773539721367572,1
0.37934901800949605,-0.29065952031511477,1
0.12745774652275538,-0.018015203756010126,1
0.5828747013762583,-0.40371011228099984,1
-0.6308019047402634,0.762195288331392,0
0.18333843400974614,-0.05055281092760716,1
1.9596151736342453,0.19495419848361628,1
-0.9570396205134969,0.2505973191839163,0
1.9939339435325925,0.4855471128703966,1
-0.7526644235684884,0.6626041032529494,0
0.07215865553864755,0.11142041363363188,1
1.9527713807716756,0.25628736363010707,1
0.0961143753599884,0.09510595932772369,1
-0.6805979211514162,0.7414223885849637,0
1.4186987689155799,-0.39788807288099814,1
0.013975085282519402,0.44172665620757856,1
0.6701293573898737,-0.443100655610616,1
0.0035677221133803973,0.4629623502419159,1
0.593093597422865,0.8166305851681995,0
1.185969785077821,-0.4717589059532512,1
0.38273536633100574,0.9327703247285644,0
0.5497248796577581,-0.4082025442201584,1
0.18627176837995907,-0.08016060488798188,1
0.1583868334172073,1.0000108939952432,0
0.3929330698594975,-0.2764038862413208,1
1.8010530986524664,-0.09598840336284958,1
0.9749411640850595,0.21432371315502907,0
-0.6959952920343888,0.7487733989784108,0
1.0036764530069995,0.1634870911470529,0
1.0017216934671496,0.05311833184601229,0
0.3178662263321483,0.9587161228152603,0
-0.8251810893037111,0.5727414360865297,0
0.07096433873495922,0.9713275965654572,0
-0.008130494866838138,0.30498135385727065,1
1.9583941739688562,0.21241938901760773,1
1.012776974863362,-0.014767069256412448,0
0.9233516343002003,0.4558928051496124,0
-0.9549531687619817,0.32260753969186945,0
-0.11567188179225533,0.9957797227433914,0
0.3583466645711151,0.914329093554468,0
-0.10121335164836136,0.9810410447481797,0
-0.5621502379936665,0.8178380285279213,0
0.7198886152897354,-0.4570877170367636,1
0.9887600862280823,0.21879356260841068,0
1.9346540315495915,0.17237559844318023,1
0.9341335548689501,0.3213789706857209,0
1.4107686106126311,-0.3987800699758539,1
0.054979980469388054,0.1622424393865668,1
-0.012835876300008476,0.42234825708013046,1
-0.688341237768987,0.7345452973419051,0
2.004085891083252,0.4082394167602422,1
-0.011346362718647519,0.41509194836842755,1
-0.25324942926449145,0.9494202989762085,0
1.5684418414438304,-0.33297082889629653,1
0.879050016767974,0.4506102689885971,0
0.8865896985299823,0.4896351189558581,0
-0.6264233507831489,0.778593458230104,0
0.09760787281320178,0.05630306497583429,1
0.766691038675742,0.6249997851127351,0
1.3095323380300856,-0.4566786447285486,1
1.3650637355982251,-0.43958234759452425,1
0.024656514154213202,0.23187098414513005,1
0.4098519336489885,0.9024301085672491,0
0.9895188024172991,0.02895436254987589,0
0.9380658615326689,0.33499577479955905,0
0.003753992343622455,0.4504664133058309,1
0.3130127909614411,0.9448788553352717,0
-0.8964636897536986,0.4386455172834815,0
1.3276732087861653,-0.4277411214377684,1
0.3756629817507441,0.9390995690300479,0
0.76643854925921,-0.47900036236938587,1
1.7574609286715195,-0.15079018808739705,1
0.061732783060363575,0.21624436444967773,1
0.6396666870850332,0.7713977854652785,0
0.5410755239459195,0.8356241866739997,0
0.889795647256522,0.46562754251158245,0
-0.7881462846384939,0.6048266784530291,0
1.250401119284778,-0.47338003002032075,1
0.8699726640303589,0.5033660394953441,0
1.5628104538237122,-0.3281481288478047,1
-0.7146253773045612,0.7015215298300753,0
1.0122957786803197,0.08177042124903175,0
1.6425216220277765,-0.26470326985113346,1
0.6572701281639034,0.7591525959139771,0
0.009485591106827368,0.3568804666574953,1
0.009975899197770756,0.4933061713714151,1
0.4331247977179735,0.9154322728767096,0
0.9848586547723461,0.18653124706384966,0
1.1777329713958522,-0.47117969743716287,1
0.8082682569744685,0.5882310529196036,0
2.0217135468697456,0.46697394756197563,1
0.1449056798653792,-0.012063233310486882,1
0.31186271916269137,0.9500605255110782,0
-0.5333953887674099,0.8535825648685187,0
0.21139098669809658,0.985405667943991,0
1.9820641200937004,0.36425830433232753,1
-0.12411126214914564,0.987124460949874,0
0.3100453482562946,-0.23255746110956566,1
0.15013304927743654,-0.03371646317561856,1
0.7504511283426534,-0.4637309735105246,1
-0.12067595281311615,0.9835508651541833,0
0.2586989170285759,-0.14784467462333814,1
-0.46752467975161355,0.9056948241638648,0
-0.7540312838870143,0.6618386515516049,0
0.43791957688162503,-0.3303817319423076,1
0.9860390128192023,-0.47543421269524105,1
0.2823157977409244,-0.1716591756928996,1
0.027328052156622193,0.31705270392823803,1
1.0061099468770645,0.003635951617789118,0
0.747343459962125,0.6346248957849099,0
0.9882438691947543,0.06835599667153458,0
0.9170723474042626,0.3981187429358784,0
-0.9961866223465321,0.13510261185226535,0
1.7441028985181162,-0.1826516989233941,1
1.8893634439215314,0.009315916111136545,1
0.3064087201264833,0.9566750515309846,0
0.14485140803842436,0.9978665729424855,0
1.801747155057715,-0.09397355445115196,1
0.8369969671195469,-0.4840651365280987,1
0.7172878687850084,0.705032076152922,0
0.2711197555735566,-0.18479365003267706,1
0.2384779884774058,0.9752168786496088,0
0.17270430147730684,-0.055261449803594986,1
1.3935138769706934,-0.4245563069496169,1
0.02443802217181482,0.23962025308093723,1
0.48070633209940794,-0.34902078441454115,1
1.3184788583164462,-0.45781740273157767,1
-0.019207115455736914,0.4212754226210304,1
1.0155986833566417,-0.5126997707420091,1
1.3632990957767295,-0.41948424275173335,1
0.5070804580880448,0.8796093853600768,0
1.9057893479695105,0.07098462170723709,1
1.1904572012654826,-0.4735108085985528,1
0.6912501026673884,0.7387434125107778,0
0.3945831956049811,0.913532650702486,0
-0.4197947879629575,0.9292297903515445,0
1.9456378736395046,0.25997011475559617,1
-0.7587773501798925,0.6661356370957175,0
-0.9898953421943799,0.048421140098822396,0
1.1031387695098827,-0.5056127484807523,1
0.26891098961100823,0.9769672700799285,0
-0.7305799866524452,0.6910367214188783,0
0.20303847778461107,-0.10264341293214278,1
1.9432876398729722,0.18500866569902577,1
0.6938884419903636,-0.44613894589706565,1
0.11093626055501882,0.06474857055523259,1
1.5429227085802424,-0.3452349514693835,1
0.9834876581105589,0.15145380956122206,0
0.8586082808572183,-0.487897063591065,1
0.7489675428977818,0.6447382203696898,0
1.8701135898043466,0.007867122978907235,1
0.27592515200850326,-0.1930058110075346,1
1.4194353424815578,-0.39928939497726623,1
0.6577703807990134,-0.4378278721959771,1
1.0007771773274294,0.08886731063486115,0
0.9066573176096433,0.4271845938071619,0
0.9856576161216623,0.14082890059852132,0
0.10726464222233288,0.06276625557761212,1
0.09401070036924264,0.06084040496000161,1
-0.7631653854650331,0.6410263099129416,0
0.6715317334332663,0.7214302898377146,0
-0.9331755462838206,0.3629721429584091,0
-0.7990389340902491,0.6096972848232123,0
-0.524184055057325,0.8304212504279194,0
-0.6313734051950118,0.7866942973340877,0
1.9720774531362324,0.25294328373478925,1
1.6469273608737427,-0.25439970985940175,1
-0.5587875610976085,0.830651650400664,0
0.35511054574656187,-0.25743784250742746,1
0.6959442180737071,0.7349806800501197,0
0.20060684047814745,-0.07977208141104553,1
0.381194289431573,-0.2863852144035844,1
0.3046772327717065,0.9533685163639393,0
0.6677630472739016,0.7464739122877924,0
1.7981377598625619,-0.09395995712342219,1
1.1876581028176538,-0.4997685639923826,1
0.0444198636680967,0.992922819562076,0
0.7717935410029374,0.6249865150393904,0
0.3766324738502645,-0.2790202910750172,1
1.171284344958195,-0.49861639291235516,1
0.6056344846058839,0.7938323575168119,0
1.3191237621915608,-0.459089161219553,1
0.7931428638049344,0.615638785263452,0
0.2011019172156756,-0.10206016842779848,1
0.20453781737525548,0.9811588325283112,0
0.9122407160966125,0.3829636940701287,0
0.9741857524701151,0.2105963997036731,0
0.12395508168818091,0.004057628952283371,1
1.207583764163647,-0.48833877643875795,1
0.8491166445276065,0.5057560467562168,0
-0.010121696434026007,0.4432874775146768,1
0.24915743983731922,0.9622486689034746,0
-0.9689709854117174,0.26264777514850124,0
0.9088279619152574,-0.49538070628233144,1
0.9993735635022598,0.0278552473887941,0
0.7103035150324505,-0.453142724899445,1
0.3867442902350003,-0.2986687621149704,1
-0.5938737536984529,0.7993835192215801,0
1.5725319669295001,-0.3030369768574223,1
-0.43615407554256763,0.9092163102700019,0
-0.9653854243667037,0.20809042828102023,0
0.18689551889509765,0.9957228795078407,0
-0.6589177085271695,0.7662394993535088,0
-0.9600335435322569,0.22997389815801225,0
1.9687280191098366,0.2957392414364402,1
1.8923038048534933,0.00397846871399476,1
1.7164005285523474,-0.20424199469712068,1
0.9859057698484488,-0.5138531446213783,1
0.0005798387162779017,0.46724097375054663,1
-0.3560207970238427,0.9370912122523795,0
0.7155743190071119,0.698893342012592,0
-0.9944336657216678,0.03316117019082035,0
1.2715736267341267,-0.45267434908577264,1
-0.6240295421403493,0.7705904093921171,0
2.005387355316625,0.5009947825394653,1
0.8432106210900537,0.5343292181057449,0
1.7354486744431603,-0.1692955765615339,1
-0.340413287691615,0.9322760563274483,0
0.45056857043940035,-0.32279610090908334,1
0.42894133642783944,0.8912575382140489,0
0.43746253805625596,-0.3208962989399615,1
0.4862550841218941,0.8704433046162315,0
1.9953086201957064,0.3730281068646019,1
1.5719789500950243,-0.3101852589140336,1
0.06958680134480569,0.11962331460111553,1
-0.9828530709447615,0.2196339532876723,0
-0.5739704374946355,0.8083026617893757,0
1.1842440934856187,-0.4822765332605156,1
-0.9047738278586783,0.42289520277529186,0
0.22032124701836742,0.9706802841646229,0
0.6300234349474846,0.7803938189832565,0
0.3446317714500644,0.9532167908930279,0
0.7378636958376467,0.6860609421035628,0
0.058849047433657424,0.1609660427810248,1
1.4107201175434567,-0.40678424958905246,1
0.1891599462184258,-0.08783869485003375,1
0.9687635227953181,0.2724024718112423,0
0.14128060297682207,-0.009604202849616206,1
0.32625866231657785,-0.22960711444046727,1
-0.06839699720179168,1.0046360165397568,0
0.8890086987867872,0.431280627853882,0
1.70968979396414,-0.2160226151273294,1
1.1981660911170617,-0.5056510274727958,1
0.6521602716432027,0.7545153970084111,0
1.1774819409453041,-0.468590312598249,1
1.9710978477330683,0.22069263003251552,1
1.0148690564552514,0.1804388805733605,0
1.1825716615839537,-0.4867911947240528,1
1.9493015282144623,0.2693496340427813,1
1.7313955957442981,-0.16669608971906988,1
0.9987704580631626,0.01970768603410933,0
-0.9981206243708043,0.116024283972174,0
0.8933258973266521,0.42539645278081173,0
0.11274579904505522,0.01454369420764954,1
0.9404881680417541,0.36221795756335706,0
1.5327751499792241,-0.3484491668451764,1
0.9569113290536285,0.31326678333483804,0
1.704833991011421,-0.1796675420539872,1
1.8422793778015352,-0.06541463036562234,1
0.9562487649121854,0.23568756844340977,0
0.49407213846236253,-0.35188057862204525,1
1.344621249796956,-0.41033655856527157,1
0.17863781535585418,0.9973032378741814,0
1.5980684545062824,-0.2856754854612792,1
0.6011357548446569,0.7902198648375434,0
0.9354867480602258,0.3741433341735755,0
0.21565043529454198,0.9661234619788398,0
0.07594232896498693,0.12124739097426952,1
0.15291716777618425,-0.09439621197502451,1
1.9443279511354898,0.09939873933724214,1
0.1066137978749254,0.019901274380155584,1
0.15756188656870673,-0.059205902774870034,1
-0.6424728147517867,0.7774228762669094,0
0.5445263536080898,0.8496302312275714,0
1.690853645713206,-0.22292461393541738,1
0.10072820952662541,0.08885602579605169,1
-0.7294560339869545,0.6850444709322429,0
0.7502983361206927,0.6479883046168309,0
0.8809782932274769,0.48965884582493335,0
-0.524911495546315,0.8452249417516844,0
1.896559043657966,0.10445319544252843,1
-0.013918853272202875,1.0008842157425168,0
-0.8367483606446643,0.5527493065190877,0
-0.0389797711615963,0.9887534734780824,0
0.29316513726405086,-0.22504557383672036,1
0.6692096283673745,0.7365047243895398,0
0.026535540275055978,0.2457795401989809,1
-0.9387810233741396,0.28241704493745545,0
0.8655242333449297,0.5216398051865073,0
-0.9903148259612741,0.07154433474783148,0
0.12079109269101845,0.02546587610278132,1
1.2044421728556072,-0.4881818364560064,1
-0.648224754326721,0.7426261339690319,0
0.6703270188323294,0.733809362200052,0
1.3931884192941144,-0.40584458547385416,1
-0.9831036881122026,0.12584751709538647,0
0.06869610456082094,0.13926911365502806,1
0.9676626548204582,0.28754349742464785,0
-0.9809723548059212,0.17965923847926688,0
-0.9584182371810249,0.2972857818591564,0
0.7187485966591792,-0.454024023469149,1
0.4529344869621748,-0.3110926634935579,1
1.5854227045585882,-0.30644522991504386,1
0.9187241243227559,0.4181860536856556,0
1.2831864919398797,-0.4812860398145732,1
0.35700109637092586,-0.25589944819792304,1
0.3180990005865288,0.9417108634611362,0
0.94488488374242,0.30731523471035627,0
-0.5436892944008181,0.8468975213571523,0
1.921770995043501,0.09429956198120366,1
0.014679411893799382,0.2939937352032504,1
0.9887742658016159,0.02578698902206298,0
1.4738088010067834,-0.3667108835131045,1
-0.7944637873539254,0.6039483848834606,0
1.5381683190796533,-0.3228132962467725,1
0.11875687646346705,0.012857471243517578,1
1.7631105795054178,-0.14079109824288424,1
0.4056166041846316,0.9104955408070633,0
1.8446926107085158,-0.039418417573050396,1
0.004235888656628666,0.4155867934908045,1
-0.00714948698047203,0.38926559386465354,1
0.3956033666204965,0.9151638704012862,0
-0.10023766510506903,0.9933370261174604,0
2.009518688493452,0.4829251263480442,1
-0.9025422189360057,0.3944423235987579,0
-0.16937615370998246,1.002457803146596,0
1.4906089478166356,-0.37579255883209317,1
1.9885612538551778,0.4184522969768484,1
-0.5746132581862882,0.8261600602771503,0
-0.0015288348091211622,0.2969986492436749,1
1.852383685103011,-0.01495466157308679,1
-0.7363624063021742,0.6636293198228833,0
0.7312700195437953,0.6623025796417983,0
-0.9244497366506916,0.401220855308006,0
1.980815201624077,0.32150168141457275,1
-0.15325128476463393,0.9841269924160644,0
-0.005673095482928808,0.4218236298613351,1
0.07318205260282189,0.9917778536023003,0
-0.7587055865885051,0.6627732620661416,0
1.9815009423213907,0.3809498724457531,1
0.5141239999012109,-0.3747100222350006,1
1.2878908827111,-0.4645728556270923,1
1.7195345686729826,-0.20974347671425753,1
0.06399070468806954,0.14874224552602913,1
0.14704900745069285,-0.03610541448730355,1
1.3844533915236659,-0.43247382740931145,1
0.40160072262702723,-0.3138155294681317,1
0.47411829061152466,-0.32993215982330837,1
0.11588999763277237,0.04646368344881903,1
1.5643846561484667,-0.32712376947817345,1
0.12403167972355159,-0.03483418110373249,1
0.0960763254891199,0.9856028738163906,0
0.7246129564577742,-0.46597151385345015,1
0.6348330912671925,-0.43759874245733077,1
0.018942844885303456,0.2525225675199089,1
-0.11919876130408659,1.0009415969184579,0
0.2277500943051881,0.9693996199858304,0
-0.9802872537118024,0.17551269587796514,0
1.7461838197157065,-0.15288686577928262,1
1.9902110713481935,0.3086197836363723,1
0.3250791250518126,-0.23824922943068452,1
-0.8927485901995077,0.4970558223656478,0
0.64316590484765,-0.4472934618284547,1
0.056494483723998914,0.13554754894362928,1
-0.7282058433027532,0.6825108755687855,0
0.268002155354614,0.9663694100510993,0
0.24057545522488777,0.9731156212245352,0
0.9990675992752769,0.15342987051575663,0
0.0375237880414897,0.995045215121604,0
0.7036450585975402,-0.45033800284023756,1
1.3201182886505411,-0.45585527635814876,1
-0.9876095405020949,0.21426354948023396,0
0.1562114254308871,-0.0613808944678484,1
0.7991118534053657,0.5995716238078113,0
1.923454677005438,0.11098994008959909,1
0.04425765198032704,0.24022465318929287,1
1.92430592248142,0.13259068248775224,1
0.35799801989273944,-0.2803647429355579,1
1.0430456626871487,-0.49870679102145743,1
1.9957867968531164,0.43926671730167416,1
-0.05190206779309682,0.987100686058075,0
1.5879075479622542,-0.2993587097794531,1
1.9787117652217263,0.29329424740801324,1
0.7491965746964832,0.6474807555717617,0
-0.025627098525612645,0.9849157247139961,0
-0.8456028388823511,0.5518562304839117,0
0.0037684147181075095,0.403359807305327,1
-0.41106440000486605,0.9080008167072982,0
1.9733519761816896,0.4152868599708321,1
0.9589627555236139,-0.48763160469833594,1
-0.9089095793920074,0.4071260658282823,0
1.9936206028895638,0.4989629034291754,1
0.9043548527345429,-0.4955946629759661,1
-0.12202455377231393,0.985005395906215,0
-1.0137414656904045,0.01432871669797464,0
1.865122554185376,-0.02026883768248984,1
0.09770440442045664,1.0107596418695068,0
-0.012744504879172724,0.3330115445217068,1
-0.7545697890111622,0.6508542464411327,0
1.823241554778397,-0.05411525004049089,1
0.998493327900872,0.07834952952072402,0
1.8702974018577552,0.016458864545145915,1
0.5426077015335298,0.8443485848476062,0
-0.0049902689842281425,0.4538855850386956,1
-1.00070235690939,0.1389124353267377,0
1.9872697043045275,0.30944367962260416,1
1.9277792544036996,0.1334763378950721,1
-0.5535711522604783,0.8241472743321063,0
1.9040475143761517,0.05916354224106932,1
1.6497285993448179,-0.25507974436026504,1
-0.2672464787508333,0.9624207216261477,0
0.12339766142625365,0.05170489233172764,1
-0.723921838594484,0.7007954353280506,0
-0.6967537374393473,0.7133715779194985,0
0.9994958311358443,0.06339928138494039,0
-0.8136277728062898,0.5944100639022574,0
0.7602796480618627,0.6459065735075569,0
-0.7216989731438693,0.6948837717409556,0
0.053773008771726694,0.20221959271594123,1
1.072550853156336,-0.4949339742344247,1
1.3786410096612873,-0.42902278527763077,1
0.3748595506077138,-0.29893300025468766,1
-0.19500489367512766,0.9758129900689861,0
0.9613667850980054,0.296311507707427,0
1.3800878838056847,-0.43074151973106084,1
-0.5055436371852755,0.8824008803241644,0
0.31625411979424206,-0.21896566254874927,1
0.6733458349166287,-0.4585759637024552,1
0.08768481990978745,0.11289359178634474,1
-0.29035885487042123,0.9690827145458958,0
1.843989386651748,-0.05674183064593382,1
1.224716112975394,-0.4577023757677029,1
0.18806168537158938,-0.07617624485571015,1
-0.08038679993184315,1.0055393225846874,0
1.6337364285507652,-0.2876830211857377,1
0.18294053816224934,0.9892843578080469,0
0.324866130953121,0.942255582794376,0
1.1362214628148175,-0.5014405219179684,1
1.9989908082271517,0.33905740121462774,1
1.0078316985508828,0.07333215076431635,0
0.2059218309891716,1.0001178694695423,0
1.7256645580682486,-0.18548620201133997,1
0.14584326597712363,-0.03339737911945113,1
0.15234524875712488,-0.005735728437495681,1
1.5336078528883548,-0.32375130364508614,1
-0.07542882278827692,0.9724137453930002,0
0.049809594281549435,1.0123744025388992,0
-0.1520354160249144,0.982540917370797,0
1.7786877720698877,-0.1315102546120674,1
1.815080388276524,-0.09483929870323993,1
-0.9977597634347857,0.17979279436842632,0
1.9909999359800385,0.2902177590921299,1
0.8934258381195658,0.44537733970887006,0
0.25665069264218926,0.9763508423249107,0
0.6059293659269785,0.7821359673385615,0
0.22516043847303152,-0.14719986770450216,1
1.8519622524651493,-0.0604131826196734,1
1.4869181786122272,-0.37852551111314614,1
1.0033418442003177,-0.004270303748474322,0
-1.0000684971691929,0.13387626994535967,0
0.7387632436351931,0.6748031450104763,0
-0.8851233473518826,0.49704634158713923,0
1.8483879404249632,-0.0354953656537383,1
0.8857374040190086,0.4420226436934528,0
0.46583264952898135,0.888277523138791,0
0.47910353546972145,0.8998541415502557,0
1.5695580382652081,-0.32614354608560164,1
-0.7023080492427458,0.6980397406893988,0
1.0048941685774295,-0.5141236360739475,1
0.7339555534276164,0.6747927914409129,0
-0.8543033262313121,0.5422654938851181,0
0.5616151549763488,-0.4011985846786075,1
0.5053879426867657,0.8523649329596503,0
0.5923959309156317,0.8123711825278677,0
1.2934573335465218,-0.4427615485274012,1
0.31688171174340596,-0.21264075706779254,1
0.26440744087952517,-0.1624334608069031,1
1.5285650548390155,-0.3580723384935675,1
-1.0029641977742942,0.08918133521833732,0
0.8842788416574732,-0.4857667913880298,1
0.4601948261632319,0.8924844385015277,0
-1.016893808923641,0.11242593960399852,0
0.7201075717580594,0.7136849186038938,0
1.243520802273668,-0.47715146716463563,1
0.7778690391043842,0.6567209910440689,0
0.2568779552109764,-0.16817677069919426,1
1.5751850135945,-0.3142553502369816,1
0.8924018023576046,0.4228955740761172,0
-0.8929483157653758,0.44651795462750327,0
0.010474498426682726,0.3355342234809168,1
0.07810953939585022,1.0051498008000253,0
0.08493699453020118,0.09561011100168054,1
1.4895400204315379,-0.34646624287498184,1
0.19795679866970137,-0.08068027796832974,1
1.8192144427932437,-0.07506892490245025,1
0.44132507521808284,-0.3342517992536287,1
0.30743250716766285,0.9365433338298315,0
-0.826097586202984,0.5108044262001681,0
0.8617182039125654,0.4903602626614575,0
-0.5855727572688743,0.8138836793534491,0
-0.6155683234890088,0.7858150472979047,0
0.924978216865525,0.334993826672506,0
0.11379604185789575,0.010341510342026527,1
0.7781700115781858,0.6310130958576982,0
-0.7977523556877216,0.5864632474110117,0
0.3106571362534623,0.955708397575528,0
1.083659634741167,-0.4899214916841481,1
0.3105005710263711,-0.22928389735021332,1
1.9546119383147669,0.2592229543263267,1
-0.8418047575913531,0.5215996558979829,0
-0.9700394850148422,0.2973715958124877,0
0.8466381286552838,0.533226445663402,0
-0.47989912410507235,0.8856604707211702,0
-0.5935274590612666,0.8092728489883787,0
0.2887620557029173,-0.20217359932240356,1
0.9830193140025447,0.14373329181335368,0
0.43282650515110077,-0.3419615930203541,1
-0.9862874213910806,0.038403263712856565,0
0.5475922985580806,0.8224494395176583,0
0.36334582903395274,-0.28908184345438953,1
0.01204625282150876,1.0124755230662428,0
0.027488752454032685,0.3185187517879077,1
1.9178972913866457,0.12192113378129359,1
0.715674068401366,-0.4603299678024085,1
1.7614682998909215,-0.16504577537155474,1
0.4664993438969655,-0.3410048075565024,1
0.37281840962528023,0.9298645412331962,0
-0.9219472052651959,0.4140589435709819,0
0.516740102912379,-0.38415691709905564,1
0.5866126374270451,-0.41169673225987086,1
0.11422839831857895,0.028707448379114306,1
1.9899151648034863,0.3455280794819483,1
0.050014719437064856,0.23099899486652278,1
0.7611308080789908,0.6774783388918973,0
0.04894620063345477,0.27805473417885446,1
0.22776115801146743,0.9722391998682886,0
1.975717923572346,0.2420068467797437,1
1.1406792180026126,-0.4807501339684072,1
0.7719921640341105,0.6572243795591988,0
1.5718761296802406,-0.29979218094902316,1
0.6429354676259488,-0.4204912430716612,1
0.33964981587897203,-0.22828952976580918,1
1.8990051674768476,0.0641446024008964,1
-0.7187899506811478,0.689065424738269,0
0.9950965927334529,0.19288732790247426,0
-0.9436667857053119,0.39083989337420505,0
0.5725664137963651,0.8473246119241052,0
1.3900503139543121,-0.41312829550367314,1
0.7813018712854336,-0.45718275946788417,1
-0.8272685340195092,0.5548708536365737,0
0.9365463477891883,-0.5071975950595833,1
0.41153781944996753,-0.30034087310666585,1
1.1736358100616533,-0.4955939838531877,1
0.6543787601433365,0.7825653343377472,0
1.5182046204125772,-0.34891230400017653,1
0.03269277087308989,0.25685567792142605,1
0.2684413961863583,-0.15774618077891456,1
0.021521317413982194,0.4671453520664254,1
-0.9206561274581853,0.3934766789357525,0
-0.024334154626623056,0.989366022607418,0
0.6326373494449267,-0.42602843226135517,1
1.9809228327017037,0.30128319748677335,1
0.6957369766019001,-0.4535177408550809,1
0.715800534760601,-0.45739421657920337,1
0.8071574323542505,0.5947373208962031,0
0.8842783511259432,0.47064787799617136,0
0.5259441190927133,0.8421363008904866,0
0.23398662282768387,-0.14272095928239756,1
0.6273991569906924,-0.42920568867008346,1
0.9109516027732065,-0.4955905883227874,1
0.01325460012750905,0.32584271728752073,1
1.012270434396621,-0.4940062823436316,1
-0.8367527956918587,0.5496825147508146,0
-0.8848064186513481,0.4952568968094016,0
0.5043926436636667,0.8693252743761258,0
0.6513653203699099,0.7747600807750012,0
0.19227745270911203,-0.08015506663218334,1
0.6846020321795306,0.7233872075132679,0
1.8818868029791669,0.07105956162176888,1
0.911822401564643,-0.5001930083996072,1
0.571573805570176,0.8168872588160468,0
0.9177435110342732,0.3952380595107242,0
-0.9734670155702763,0.23846394455193864,0
0.2994436283617305,-0.20814267058275454,1
1.8214421777687473,-0.0771284704369036,1
0.8143752482082625,0.5979483247954168,0
-0.6675707777199715,0.7466861752364384,0
0.09909330210654022,0.0760149764245789,1
0.48919829400185655,-0.34561341309265076,1
0.0020410900552903927,0.29002463660834704,1
0.02547466829855903,0.27381831306237797,1
1.9990912717730507,0.468827542787005,1
-0.8948187777126686,0.4420669683743397,0
0.9287412418792941,0.3942735421815608,0
1.1822461742087844,-0.4837582336551955,1
-0.7892679045769152,0.6027307348000694,0
-0.38567405973784474,0.9293724554198932,0
1.418977213461177,-0.40790121111200184,1
1.9313174491205325,0.16411202043749376,1
-0.17170613083905728,0.9788882437113483,0
0.05496019948326312,0.20784309243561166,1
0.7363836385552002,0.6834631003277121,0
1.9757049497997883,0.3145685674741334,1
0.04993213584495726,0.20002390205756854,1
0.9171401029545617,0.36926111922973803,0
-0.9776848730153367,0.2027235547452114,0
0.3500735962632754,0.9310726842887874,0
-0.8229121675030606,0.5453086261029517,0
0.28570774849335967,-0.20243003169732735,1
0.34445391178873214,-0.26908734201766815,1
1.9737011394966113,0.2077985385993908,1
0.9173701125141299,0.43351416299427764,0
0.42613343073086857,0.8865126031370981,0
0.5926392128697052,-0.4113656080909744,1
0.6373684764462072,-0.4361222607145048,1
1.8814959458465135,0.0026585547474922673,1
1.0341831235639662,-0.4948490968157218,1
-0.9628119014009789,0.28792153856796004,0
0.8055843739428344,0.6232996269448136,0
1.7760250371879487,-0.11808588888504433,1
0.8264108063924672,-0.49780189467183894,1
-0.8143670911029715,0.5848437133756577,0
1.4025579346246542,-0.39788322135059595,1
1.9770460042963591,0.43032888554479487,1
0.4026569069957764,0.9257593590670946,0
0.938263160591007,0.3354110390907641,0
1.8493339352455882,-0.006212373947210069,1
0.5372820518611933,-0.3805236609902205,1
0.47397191326141785,0.8859482293347862,0
-0.5637429729952355,0.8205543132243388,0
-0.6103616537685683,0.7944641899137546,0
1.9361584725228855,0.1251798647149099,1
0.4607784695504749,0.9119427754554211,0
1.2423392159475086,-0.4657783648178453,1
1.7386813273733235,-0.17599820637597768,1
1.2974621965815616,-0.4335055538915474,1
1.953970185525082,0.16282352362425115,1
1.0009172518206237,0.049575782067011534,0
0.6897277442957661,0.7221843123540194,0
-0.8443217832978489,0.4823913929280887,0
0.16721108095436102,-0.03925249887468123,1
1.7831911545993888,-0.11958965917404152,1
0.5430348039647197,-0.39114469682327874,1
1.4046906944943922,-0.4140359531535993,1
0.19694598649101655,0.9691583235214912,0
-0.5186208002207862,0.8564338627173903,0
0.19976960547142336,-0.10199990315873592,1
-0.756436643639809,0.6413384658304095,0
1.0147595282605137,-0.502302778626952,1
0.3829548863059452,-0.28576572957788055,1
0.21833307139910138,-0.13036648011022733,1
1.1879321515312646,-0.4894456221628949,1
-0.000615755558894867,1.0172355626150102,0
-0.7257586803933496,0.7040860651908099,0
0.9522017848353559,-0.5087925971789916,1
1.0317017826594905,-0.5020169234239401,1
0.9152158750039916,-0.4932366790079523,1
-0.14236537594833382,0.9837512112908002,0
1.487993890376638,-0.3637122905464758,1
-0.9320325627562609,0.3839798327615713,0
0.1125171166449768,0.9968218282333864,0
-0.9985432027404234,0.04200576463710519,0
0.018634845670183517,0.3042513689921525,1
-0.9774510322987101,0.2020810701251655,0
0.6535325803481904,-0.43281180228816046,1
0.9942329552773757,0.12609112343032833,0
0.9584789211349043,0.30837007957173956,0
0.47427445485102865,0.8889185078329722,0
0.5607862399752929,-0.38350618608226167,1
0.173613835105642,0.9761907361776883,0
0.32380879498427867,0.9490981260003687,0
0.8124052366339474,-0.46641254068280863,1
0.9923083384876284,0.030336725183713276,0
0.7410777765238028,0.641545586033521,0
1.8796207763238275,0.01889003918148954,1
1.238233070175402,-0.47368342849327744,1
1.7383141065698013,-0.1519011760760669,1
0.8158893155728081,0.5781385559497701,0
0.8776565802983116,0.4585642107686915,0
0.025680468090784163,0.2425627620679667,1
-0.1938125746657131,0.9638143839490266,0
-0.9916619777338493,0.09210789913090686,0
0.030338362734890826,0.37360907434648627,1
-0.9952992907538717,0.20567378257549268,0
1.7287298021663755,-0.17383066105406447,1
0.8631577630583217,0.5527074973435802,0
-0.754605476166733,0.6510563619878734,0
0.3720577587908233,-0.27945650853937803,1
0.8014000322803122,-0.48957330290194806,1
0.8135618627527789,-0.5065190824654022,1
0.26213782029196986,-0.16903014200451658,1
0.6096008484568491,-0.411943093587385,1
1.055987582630153,-0.48904303908891744,1
1.4164304004888857,-0.4067788476029805,1
-0.9093303233473848,0.4279873326733721,0
1.9492901165516994,0.1795178567893221,1
0.8572860494268583,0.5117952471790568,0
0.8013757423674225,-0.49788088810392783,1
0.5497619835449243,0.8658755480759456,0
0.7338428769169127,-0.44968820226510464,1
-0.5031738262443606,0.8790760526986924,0
1.6330829413010108,-0.2637975127088036,1
1.7288830917390496,-0.17623976082995652,1
0.9770806015829823,0.20312178178882606,0
-0.042008241634032065,1.0013903254787182,0
0.558186257909847,0.8251814778363639,0
0.517408965895406,-0.3722567436465613,1
-0.6429961014913407,0.7662772576348673,0
1.664437742052757,-0.2614035972410449,1
0.9568878620986894,0.27689951896882037,0
-0.9649904067512345,0.21360562729976323,0
0.38375811586105735,-0.29930980781570693,1
0.0446762397956573,0.2068113662323019,1
1.9311297607504294,0.12631391881392184,1
0.3225487198119602,0.9287457788041852,0
0.34098041126066303,-0.2649486358454715,1
-0.8010398839680387,0.6210028854360938,0
1.8960665243101311,0.06125691987257706,1
0.20184855345782454,-0.09285580291377604,1
1.9550897754871488,0.19962946249561805,1
0.10256159445685747,0.9951799281005828,0
0.7932670822830744,0.5951346152598128,0
-0.5455515230634264,0.8447364331803343,0
-1.00338130030728,0.14041770420226693,0
0.5344942219378374,-0.3670519757060996,1
0.2576951048803774,-0.15222199161443636,1
1.4209589247915018,-0.4294851343780201,1
-0.47281379091382153,0.8575199724031151,0
0.7584329333522493,-0.48492587745430416,1
0.1543324795492166,-0.05478884655794772,1
0.5650899185738887,0.8430154539388784,0
0.025766557638826747,0.2661172307484444,1
0.4004253943258017,-0.3202381449477758,1
1.7016382861144972,-0.2058415096705744,1
1.1107322662615258,-0.4932752736476547,1
0.7637413788597793,-0.4620221052990885,1
1.2697909581536557,-0.45680227995867556,1
1.5878708101989867,-0.3035496375003963,1
1.0115265652455212,-0.501581446097584,1
0.6661898916398654,0.737377820797179,0
1.4081537091695346,-0.4107000287903397,1
0.9464794063554174,0.31026166263781224,0
0.9595739140093513,0.2740270938793504,0
0.5781706170228719,-0.39646405316007083,1
-1.0058047558027636,0.18158324089078753,0
-0.9881470800799567,0.1912901457683598,0
1.9930068638518137,0.3065919283252391,1
0.5217114362750941,0.8515317424299158,0
1.8415836332892563,-0.045037918370084196,1
0.19225410432591222,0.9913168366034941,0
0.8593549071094025,0.5105703932441925,0
0.3213413198454405,0.9555511539614457,0
0.04970869165867597,0.21121539691283392,1
-0.0015055488630953016,0.41473591391225534,1
0.1971278274900797,-0.09133981753055105,1
0.15537860938919346,-0.058203774851284654,1
-0.9901211136886697,0.16111461931786217,0
1.3050158151477984,-0.44756558860722123,1
0.0046892376203556884,0.3972830784634141,1
1.4927012601046261,-0.3832969364934696,1
0.19951659410395509,-0.09011567246789508,1
0.8572615364155585,-0.47891603573412234,1
1.4022410905113636,-0.4322103415260399,1
0.684594872185723,-0.4534229354878241,1
-0.841584513834171,0.5035855985593287,0
0.16027072743745577,-0.04141779699029351,1
0.6759138310077201,0.7466598317533936,0
-0.6462665680703172,0.7770138660512025,0
0.40956691155734837,0.8989325876983326,0
0.4721089318172784,0.873230127161893,0
-1.0101385317829734,0.029400695676098005,0
0.043031749279872855,0.2249278865905855,1
-0.229261554339408,0.9723835881316961,0
0.08746698464095927,1.0032878998228913,0
0.04700058508423402,0.27739933924716675,1
-0.08941141657604951,1.0071440611713336,0
0.9242868306591555,0.40369586171134575,0
-0.931731613327734,0.3895211304505316,0
-0.009774949884388352,0.9902703691003927,0
-0.867051682053728,0.5019390472380542,0
0.5930553170781511,-0.4067647247447613,1
1.0103067537248869,-0.4935178583578743,1
0.9483863005575188,-0.5056047218997042,1
1.9367135813998442,0.2172931757375659,1
-0.09742769392975129,1.0101371390755105,0
0.07964544085224849,0.12089150865602115,1
0.02500130324763844,0.3517989656866966,1
-0.37069607797885024,0.9175682090377884,0
0.026612245067067934,0.2827957008553413,1
1.4433377210868528,-0.4076099430553917,1
0.06550636734236066,1.0299780847508628,0
0.05524635143733479,0.1646818544352571,1
-0.9289829522916025,0.32265661306315463,0
-0.6913507397995676,0.7388586435920792,0
1.9921322721878387,0.35005807753493257,1
-0.06578462303629319,0.9985345973323138,0
0.2080296780785378,0.9744264741279832,0
1.2713251392378877,-0.4690794725381352,1
1.3815496182398794,-0.40975396680105347,1
1.9921474580463432,0.32712580155178217,1
0.38552957703555485,-0.3101882119230833,1
0.4579869177644974,-0.3350974585886077,1
-0.704068372833534,0.7000116548973894,0
0.7861692810821398,-0.4919720283973237,1
1.9144331199289717,0.11107282713436901,1
-0.9497228359551763,0.2917227600078596,0
-0.6557015993605859,0.7507129816826033,0
0.15005277112331541,0.994778862056676,0
0.02842828549654562,0.24334344613412395,1
-0.7423061422836503,0.6833388856965243,0
-0.4275936357933362,0.8948875453222025,0
1.3987309207972425,-0.4041226434655773,1
0.2502551004061888,-0.16258005057901415,1
0.09085550258238118,0.9805405965104809,0
0.016274677607951947,0.9873626805756894,0
1.9704680364004243,0.35313479918950746,1
-0.8882021150792005,0.4778961572880035,0
0.004851446019104129,0.37776337488462824,1
2.002998820422292,0.4025452068224682,1
0.9884436656195518,0.12752965663873742,0
-0.9994600993736322,0.038099344902253786,0
0.44674197598937204,0.891054822403092,0
1.1349933509503882,-0.4785752096100208,1
0.6487378977023363,-0.41749638854863713,1
1.8921884177023702,0.04187444006252983,1
0.044798656011778404,0.20047888394218322,1
0.617370469493489,0.7834195656511458,0
0.18981967012256187,-0.06715295679846064,1
-0.6760437090526471,0.7356487564352446,0
0.7925811490996695,0.604307244276746,0
-0.9171211010616367,0.3446179350310555,0
1.659318138329464,-0.21943680108670147,1
1.6081586293815722,-0.2932992656172801,1
0.6118412013339053,0.8022720939707539,0
0.996004213216287,0.12523386421719085,0
0.09740882167287036,0.07561475473400035,1
0.5983292670740525,0.7864021631281813,0
0.9653209767500227,-0.4988534147969598,1
1.0760994607646825,-0.5081581270429225,1
-0.6982346809727669,0.7325627370932765,0
1.0114124389242893,-0.49706248093843947,1
0.9941976269760112,0.11119056378127543,0
0.13117262880102995,0.035699599494863093,1
2.014375105880837,0.4163069671845814,1
1.8287943108920224,-0.06920214727240628,1
1.910812980719371,0.15039808129578677,1
0.12608739438503547,-0.012383850646096449,1
0.7384872516810815,0.6803100733722375,0
0.17778199999997799,-0.049803322456587557,1
-0.016544469306110934,1.0045738220015443,0
0.5070879831119017,-0.37326670525004096,1
0.14973498560400772,1.0113933748382602,0
-0.9410026253272373,0.3216054994844004,0
0.9939847291270411,0.027379814228817585,0
1.644369761003443,-0.27925707355336027,1
-0.0036124431198309667,0.9906742077177508,0
0.9263963962701383,0.41837488702839204,0
-0.5222204154665957,0.8545269954712595,0
0.5907474136238485,0.8238540966420312,0
0.4398022759093998,-0.32499394864676046,1
-0.9230535393166747,0.3790809578204017,0
0.5082318333267482,-0.35699039307332114,1
0.010317475318054043,0.38488764029632033,1
0.0009596678660724216,0.4772154393143641,1
1.7147433118646858,-0.18865431740107805,1
0.9899407166790616,0.015750766606708242,0
0.9799346564884631,0.17255811074529745,0
0.9520103748843344,0.3232581412816789,0
0.26349052759465313,0.978634111401296,0
0.7662446785495807,0.6331859753905754,0
0.9047807616241045,0.41551386511443433,0
0.5645282953968223,0.8137272706101611,0
0.15938814164374218,-0.04786212503827251,1
0.9444491493901545,0.27646800153195555,0
0.058291175286165904,0.16439663017619913,1
1.73317432707442,-0.1824665327621157,1
1.129205915743747,-0.46964886949778945,1
0.9574665307829895,0.299764998418876,0
0.6276333397259142,-0.4313046638559533,1
0.46231994142451005,0.8893182418571413,0
0.7762753371699026,0.6436351852142095,0
-0.7052970423732456,0.7101632241852839,0
0.6484774230524121,0.7670167713699798,0
0.12856085655266614,0.9950863006493554,0
0.7938361737946452,0.6210032247523742,0
1.9162629765197527,0.10770900604708455,1
-0.4385071774633798,0.9029935291826527,0
0.7490701193313244,0.6800332155185711,0
1.7967759600104456,-0.07408628782828648,1
0.6686996645168336,-0.4407865094783339,1
1.0283322060881779,-0.5113411220405735,1
-0.20169102343236672,0.9631678405236576,0
0.6236096160313574,0.7897054455083476,0
-0.6917638120487264,0.7088956929928603,0
0.3502528192311121,0.9358090517625662,0
0.13934244805449372,0.9822990809205255,0
-0.4073465590293805,0.9153875612052786,0
1.0849687525481904,-0.5092276469525965,1
0.5293761295013317,0.8633713287623792,0
-0.6870802591115466,0.7215751366022555,0
1.144277193490582,-0.4812927058733695,1
-0.04278385628997872,0.9984616130142137,0
0.9019608833939027,-0.5045960776244428,1
-0.9978490304064555,0.06987646341638187,0
0.9697488056007725,-0.5090746445880001,1
0.9135251859312611,0.4258477667819904,0
1.723101860460768,-0.1949656876131619,1
1.947602144328326,0.19433349548120926,1
0.1488385522497218,0.990279727892837,0
0.482696962738012,-0.38265536652937,1
-0.4453351185053256,0.9020859873158732,0
0.9484225437609409,0.29767105211469724,0
0.5175253577371648,0.8604594803335587,0
0.5811581474940799,-0.3995538186598191,1
1.9894772340047386,0.4508598592373789,1
0.7847727535041311,-0.4903127389451918,1
1.6478666854389146,-0.24672975521235946,1
-0.16666612211707735,0.9685131968323746,0
0.4021505734322653,-0.3195285573005588,1
-0.08081667829779253,1.001416769650664,0
0.0460912438835613,0.20676139916745317,1
0.14296225226804846,0.9967459616401312,0
0.0366241215679158,0.21444909745945542,1
-0.4780764996831696,0.8772233318396857,0
0.13726850749022163,0.9822889131571003,0
0.980042226788075,0.1313215543368461,0
1.0069907208740987,0.1346768609057838,0
-1.006065175653555,0.033049021249029996,0
0.9250027057179183,0.39270180417921735,0
0.45046298452648775,0.8863179503449566,0
0.9871761626721696,0.07016926280303405,0
0.45072182993525656,-0.32959688482351557,1
0.9238026921707027,-0.4852122654797731,1
-0.5729770132567245,0.8358334218464627,0
0.01820214394925774,0.2770250982830079,1
0.07528489078445579,0.08008202217628109,1
0.8828769230678796,0.4905479074614099,0
-0.7576449879657005,0.6351926802738638,0
0.19161187842309843,-0.06846839814761017,1
0.5133951649677707,0.8664049551817999,0
-0.7691991439361024,0.6531547422290394,0
0.640298245963736,0.7721356269730775,0
-0.8478628055309725,0.5408084564797372,0
0.8319190413739104,0.5952278863714593,0
-0.33703131929068186,0.9645399684621118,0
0.7522391771354087,-0.4635344472015015,1
0.8942853692822891,0.4515775586915798,0
1.9617196747306997,0.20471472568104448,1
1.311345091498945,-0.44574291814163525,1
-0.9837613031649263,0.14581237773930897,0
-0.5060374751120502,0.8540336614892331,0
-0.9698658756357019,0.20658373538279567,0
0.18604377821980617,0.9938315364471734,0
0.7640223205773545,-0.4832917355703755,1
1.980758929057721,0.2681839045039273,1
-0.7248193307169775,0.7109066252536996,0
0.26774985583162414,-0.19055765872846003,1
-0.004520919201439786,0.482542494440231,1
1.7776784958914424,-0.13324493360372155,1
0.9895813110999788,0.03840578980001929,0
-0.5883471651346418,0.7913572228448073,0
-0.008947428121860083,0.4312433545187535,1
-0.2996477559602821,0.9682006998412649,0
1.9158715633814196,0.08159793595653275,1
0.46114957776140897,0.894463743653359,0
0.406396933156705,-0.3132344263755959,1
-0.10264397774060563,0.9891051449453404,0
0.9923530199751323,0.01793936534370907,0
0.7541280213055228,0.6523174957724498,0
1.5376880454995299,-0.33195414900968984,1
1.2108278610079584,-0.4749834488277236,1
0.14078567037231432,1.0141858019867407,0
0.11772075121997215,0.03388585547260284,1
0.008236871184059441,0.38972393563177354,1
1.8954179805870572,0.05275765017507826,1
0.9372792960054785,-0.5072408655980158,1
1.5626171686971655,-0.33257941393326124,1
0.9993860249380099,0.03799661863312152,0
0.2612791692736304,-0.15814168071208634,1
-0.5016543614860082,0.874146118320252,0
0.7599783570933272,-0.47431007355247706,1
-0.009477111839277377,0.4376703012110284,1
-0.9940598454749268,0.20011077054990326,0
-0.3339484705641258,0.9472657717605341,0
0.7375575392204169,0.6821216329103392,0
1.98045131619428,0.36162500434396805,1
0.8029772108044252,0.5852590793779248,0
1.9650554713583626,0.24297697938496424,1
1.6213267603016215,-0.2911245434366269,1
0.18138792765237338,-0.08592990460339539,1
0.6853968268528664,0.733590137031175,0
1.7087549888900069,-0.2019512890070667,1
0.9217516368046612,0.41153380692525154,0
0.21403625605602222,-0.15307775453141087,1
0.15711573684255942,-0.04543361034347124,1
0.6943691536195625,0.7273141626411437,0
1.4174126474036515,-0.4074951772829307,1
-0.46307754842084947,0.8793805534387953,0
1.4816858172469256,-0.3545044692676346,1
0.4223579930254395,0.891713329274659,0
0.8800096166869603,0.4529033102905806,0
0.5833622606365106,0.7970358828175627,0
0.8524761552846408,-0.47845454008043997,1
1.6128605308476498,-0.25876521067557495,1
1.6534024926042648,-0.25678289907250496,1
0.1618931087202377,-0.06514845707987385,1
0.5291699176583834,-0.3541782637695743,1
0.1508074159729352,-0.03256426272367934,1
0.8816521380163785,-0.49878682040646655,1
0.03550397727230026,0.1686139211543324,1
0.01869576122629746,0.46028031291980204,1
-0.9944446831702803,0.19402559515837933,0
-0.879449075776095,0.4612774008855316,0
0.8329754540744503,0.5261144572526885,0
0.4818738568674041,-0.3565967907960652,1
0.4208973184521658,0.9029287882936483,0
-0.6919526222092083,0.7135664018726796,0
0.14610596628091882,-0.03321997383813015,1
0.6327205034416171,-0.4337562880027851,1
0.2962256201490662,-0.2106543009380136,1
1.4588456023924166,-0.38722658134611987,1
1.9931120212565383,0.3248822045390482,1
0.7362800447568258,0.6660789046305079,0
1.4620341325340447,-0.3913412341087734,1
-0.3215379303596719,0.9311690107470904,0
-0.7383900655019084,0.6867978146151781,0
0.5432444435921158,0.8330447680425833,0
0.5089045580541004,0.8792934419667712,0
0.2794407039026531,-0.1991782629287108,1
-0.9959850023953591,0.08181498229193784,0
-0.8309968067693385,0.5450665032338472,0
1.933518652135312,0.1713366520945032,1
-0.6402812764754413,0.7662716219820992,0
0.46199421788110434,0.9110869695200723,0
1.2910277141569615,-0.44991762364789417,1
0.9281160795526127,0.38815862180670346,0
1.472065390066674,-0.3953938702998094,1
1.3023715343411888,-0.4557062353204627,1
-0.7725544814513463,0.6266695987769256,0
0.10974854937671437,0.9880534534908972,0
1.9605631511235821,0.26969740922081503,1
1.8043671523422005,-0.11274997332349439,1
0.7539727961671865,-0.46553179082526785,1
0.9823113734372214,-0.5139470120191708,1
1.8042114530130346,-0.09094446998453305,1
-0.007983129860572332,0.4561057785959346,1
-0.00442599339555915,0.4690503956787054,1
0.04812724554438355,0.9989480197368272,0
0.1615248612200148,0.9881378833306573,0
1.275778735844342,-0.4603765975522995,1
1.7213385353653814,-0.17332099190689368,1
0.5399874823142593,0.8388213990328501,0
1.8379353944235743,-0.039055565996512075,1
0.9295395276466077,0.38932173639307993,0
0.9549493473651773,0.3329487443182007,0
0.017723765367306625,0.39441520466915564,1
-0.5542197532238006,0.8161573395256828,0
0.8385592641044184,0.569556577553111,0
-0.8143308797977056,0.5984995258813355,0
1.0087404488331122,0.1456143272946243,0
-0.9515625802605995,0.22718981042579148,0
-0.983164028116433,0.272346364578892,0
1.6434428578414915,-0.28404369224509834,1
-0.1556468778907072,0.9750791496642727,0
0.2197535894689455,0.9746598317334012,0
1.5549534913884604,-0.3237239272659948,1
0.376768017176335,-0.29071833514842754,1
0.21174003442379383,0.9739841085916559,0
0.35451909728237335,0.9314797970243706,0
1.6773414401930424,-0.25362269804594717,1
1.9861235632509333,0.44727934417908194,1
0.6553131265990773,-0.45038073134111756,1
0.5739487148628521,-0.4092032712781075,1
-0.5229054748028845,0.8424629376808858,0
0.7899132024210275,0.5997402789956114,0
-0.8073265194481128,0.5787618358277743,0
0.868832309212108,-0.49678996167877487,1
1.3286244202087027,-0.44457035426823605,1
-0.900628254866819,0.43138641645673326,0
-0.956087406837092,0.3099488887418685,0
-0.2251003384108202,0.9747978288208287,0
-0.995826213982614,0.1358917275610527,0
1.9482827941004677,0.1989914512241196,1
1.5090850708583186,-0.3748908971454791,1
1.1203231476704048,-0.4975066809868936,1
-0.9004598975808945,0.4022719774157953,0
0.40741244554406664,0.9029251854515444,0
0.619206351532278,0.7868025175551124,0
-0.9866829644969407,0.21112115732619824,0
-0.15740117832445247,0.9943634427486718,0
-0.9919642546847464,0.12021049294916733,0
0.9672126354131586,0.24839334768888535,0
-0.4224343317236264,0.8885769222190953,0
0.9547312246985391,0.2430336679943803,0
0.5028198195678142,-0.3607732708660113,1
1.0513148086729613,-0.47921460640658575,1
0.2114742233611036,0.9647212293385851,0
0.25430249568567675,-0.17502178161874782,1
1.5519442417867237,-0.30485247598845444,1
1.994410811618749,0.4244247793774219,1
1.713693316541394,-0.19901034435616685,1
0.8704052296722133,0.4741622371201575,0
-0.23475797084838793,0.9401469800118433,0
0.05748381982225557,0.9966383963071875,0
1.848067905093783,-0.037205715670227964,1
1.2477941730939701,-0.4691862371365169,1
0.8545767368447273,0.5253278230791473,0
-0.21401700679685526,0.985063181569517,0
0.821007233410907,0.5850565895523838,0
0.45931144386545714,0.8891075362654769,0
-0.02310083641545827,1.0087147498512126,0
0.5289095302193475,-0.3794662752170854,1
0.979645107153892,0.23866481219035557,0
-0.454567622878324,0.8790856486768338,0
1.8478581335399293,0.0007639772683083633,1
0.06744103821813226,0.10709510261613109,1
0.6670815695143928,-0.44357752982972276,1
1.2950134924126488,-0.44364013921370243,1
1.7272608898483064,-0.16627043385345636,1
0.6055714987951367,-0.422628543233602,1
0.09229326310512768,0.10202971752706128,1
0.6310683652889524,-0.4270183805226675,1
1.981909704226646,0.3501236176556165,1
1.9824282041429124,0.45433365221326705,1
-0.9386488649833571,0.37906872353479903,0
1.1752212575469834,-0.48445263531464366,1
2.0100766991560475,0.5005892952518362,1
0.887665868516558,-0.49588799614618706,1
1.07559915479951,-0.47838107912042444,1
-0.46538502678974736,0.8714510873983272,0
-0.051804251835393327,0.992301024622978,0
0.49860704614965734,0.8716711716130259,0
0.11425821039924033,0.007021582489166915,1
-0.9542766874861935,0.30172645100356693,0
1.8423938025776794,-0.023869770244307205,1
0.8081895641803056,-0.46653875039884934,1
1.9529260022407011,0.2268721154524944,1
0.061834729683794734,0.21461332770996963,1
-0.8460799244419889,0.5695473398041222,0
1.9975337650814906,0.4915721940624711,1
-0.49602602406448,0.8924958959741452,0
0.4208543799829154,-0.3193329086790993,1
0.10701586030110849,1.004296764390197,0
1.740780142543196,-0.14584029344412747,1
0.33438868565570073,0.9390796635011067,0
0.6358756966486809,0.7811807357766545,0
0.9686238665479504,0.29881916625870514,0
0.18357493762520832,0.986679214197975,0
0.8319124992721455,0.5135780437416267,0
1.840542351371737,-0.043583938131140164,1
-0.2955589930836924,0.9532619518676453,0
0.8861805683680651,-0.49218550836548053,1
0.8386308644657788,0.5273359148693447,0
0.17583602447150537,-0.08012047374100509,1
-0.39212363246142756,0.9240437500091474,0
-0.9376678893405812,0.37605772058935016,0
0.8117567097699825,0.5583309318644827,0
1.4287586275863406,-0.4109374263418834,1
0.250731480367568,0.9782140138481625,0
0.7286798395026629,-0.48057349171408503,1
1.3914067909453245,-0.41328225481701414,1
0.01700093803158687,0.2442322805551362,1
1.647447745220737,-0.26231079078749037,1
-0.9944609857113409,0.10856798609461217,0
-0.6980964791861664,0.7032791522447186,0
0.6054371989078181,-0.4173156717825994,1
1.013611952877991,-0.50828684491871,1
0.8061347719761301,0.5971128859739971,0
0.9446341119346987,0.31574771440572064,0
0.9916061425138628,-0.4838037544734,1
0.2859093089663233,-0.20831033466138835,1
0.2556087726688695,-0.173871149399266,1
1.0570836068382254,-0.4860189520056917,1
-0.6246101336044668,0.7827349209096126,0
0.028204661221674865,0.22835386109795924,1
-0.9239857866350543,0.3832559181012228,0
1.5602335277187132,-0.32565869762103444,1
1.6466155579761657,-0.2929126020892319,1
-0.003118912896930153,0.3494745039456795,1
0.8147195740086818,-0.4804523173860895,1
-0.0527188394199157,0.9840220572306082,0
0.01015188069384334,0.4454707198399726,1
0.21931747406724442,0.9856142594326363,0
-0.010466732232385161,0.47249039960160005,1
1.895198583447107,0.0804543474972957,1
-0.6753675978509646,0.760630062910183,0
0.19646129946665475,-0.10300637658127546,1
1.7874313286268861,-0.10442155127415317,1
0.6884833709163167,0.7350160040784879,0
-0.9265742590262387,0.42429285550892554,0
-0.5147112745609145,0.8496255240143918,0
0.28558898042337383,-0.1895316182243402,1
-0.6137616214671371,0.7951271524836464,0
1.1046346202955883,-0.5013861999323683,1
-0.5299559840018825,0.8352841096339177,0
0.5341252020124888,0.8665071408443628,0
1.9905169191744176,0.2619655083097888,1
1.7496329270620525,-0.17919262297044797,1
-0.4201278297835888,0.90536022227103,0
1.950843776493676,0.2331170068410029,1
-0.17227292261350777,0.9901376568999084,0
-0.996310070805998,0.022806044888153944,0
1.2589839797797349,-0.47832460644936287,1
0.9521579408322567,0.334130718383149,0
1.89308553814986,0.09056730768341077,1
0.006858850361875208,0.4111686404631861,1
0.6076361001048289,0.7749643825639851,0
1.1244230563055833,-0.4888214624277351,1
0.33048328480516054,-0.2679216035926637,1
0.5989415642788266,0.8016141013346572,0
0.2660677576931735,-0.18271892455954097,1
0.9607267466011572,0.2825073461990711,0
0.9848220237197206,0.1030812389341108,0
1.6505338888127825,-0.24806559809318499,1
0.6920488881535757,-0.44703192003544867,1
-0.9482726799391052,0.2840809635961737,0
1.9975789974006508,0.42270043167367455,1
-0.9609327083085258,0.23055209423848885,0
0.0071761191999527435,0.30234291523367496,1
-0.9927409464145137,0.14216143264294656,0
1.463557343721816,-0.39353162863632546,1
0.02380010670633296,0.44703724839519937,1
-0.9648234761407501,0.18211735204325707,0
1.397737228072009,-0.4252521392993523,1
0.2056661219466396,0.9760986466592451,0
1.087574596921847,-0.5039569487283385,1
0.9701140839072668,0.2755333391859259,0
0.05290557142970839,0.1601368051707365,1
-0.6283535883591237,0.8002106483441632,0
0.8832436001975769,0.46727940728131895,0
1.1039720967949322,-0.49694849852103407,1
0.05141520267355188,0.3031101842097946,1
0.23322296907616613,0.956186832636246,0
0.742212197455011,0.6594641331147626,0
-0.37940071722420615,0.9275859293439217,0
0.16694774178127605,-0.020770081948276356,1
1.741355051066233,-0.15452494105586514,1
1.1291339811327332,-0.49521789631467966,1
0.5906888406838846,-0.4309479563339727,1
0.5134809183117004,-0.3821429828098098,1
0.6090479517098969,0.7884410955763118,0
1.8559942817525668,-0.007094460759260407,1
0.7696850133742034,-0.4604285849559747,1
0.479681807678233,0.8891096372389671,0
0.10051216457978135,0.08018190542818517,1
-0.8635748937470514,0.515296853341337,0
-0.7755046239860811,0.6230519224512528,0
0.016272970107881004,0.35199155985717473,1
-0.4101895839135709,0.908408813667021,0
0.5738807507786898,-0.416252665071545,1
-0.8101697212280351,0.5624235169884522,0
-1.009873478514541,0.006138957342186349,0
0.6555942557370383,-0.4206287049799107,1
0.9871097158918671,0.045559380022477114,0
-0.8044915431385824,0.5904842621530264,0
0.0904261200551094,0.9973610342105397,0
1.9340976363537088,0.12884308235406014,1
0.001026190340894625,0.4505152682240844,1
0.4486089402152824,-0.33411494570490285,1
-0.9844386011311319,0.16087494981473166,0
1.9847781003763774,0.27968932489247106,1
0.6545449957857508,-0.4390916560633802,1
-0.9109695967725651,0.44859537309021696,0
1.9223729324241285,0.16582678000487608,1
0.050936639768947814,0.17179330244724195,1
0.6987351225780521,-0.4621489920598361,1
-0.8827738045460458,0.4926590894255404,0
0.8916158757266732,0.4536672484211173,0
0.9776081882094401,-0.5068059377450541,1
0.9343951762332828,0.3887590254780577,0
1.9516494879550774,0.22940772049806685,1
-0.0014358283151468581,0.4685122566630516,1
0.03707414036149371,0.23363460796466404,1
-0.27479034432733473,0.9578959358676287,0
1.9195790066353071,0.11563691833575582,1
0.16017534756172216,-0.041306900758653925,1
0.9815932741888499,-0.4983883949730658,1
0.9639619498761887,0.22649110342629508,0
-0.7638175512468618,0.651657248077026,0
1.9183765311336944,0.15512143703122375,1
0.9330869646724482,0.34500785453094923,0
-0.9991657447753008,0.1302967512224749,0
0.36248968050609776,0.9414209473322698,0
0.6235033082309741,0.798934101128163,0
0.9734992024537988,0.09161963913379373,0
-0.9929043012134645,0.009703843680843562,0
-0.6973303711354947,0.7294114128588948,0
0.23073077450835586,-0.14543927301433396,1
0.10645530805796596,0.053848463004499914,1
1.104312852343332,-0.4858181942946244,1
1.6476509450390595,-0.26211774768466917,1
1.9098072340313734,0.11250945713003417,1
-0.9888072718514848,0.23875664106255184,0
0.6484976633367192,0.763037901549475,0
-0.9038639625494569,0.42262776708699296,0
0.06702780465684652,0.11779460884367746,1
-0.13414029649891618,1.001339177871104,0
0.38131906104644975,0.9323236174239761,0
0.19858169272442386,-0.09230810317028967,1
0.2099883627102062,-0.123349477164131,1
1.5345840442553385,-0.3440599506954082,1
0.3443649390724756,-0.25634800033910377,1
0.9361895266558046,0.3557052235604448,0
0.46901326732901627,-0.32911331031290275,1
0.6163933612626259,0.7903334093111416,0
1.9374458193577218,0.1883116472361479,1
-0.9878089326252439,0.11270229630418477,0
0.5065973194885383,0.8483676972777798,0
0.3172596731804741,0.9505560787083654,0
-0.3370554359188923,0.9500638477462251,0
-0.2986180010089299,0.9620697953961523,0
0.20156397739297596,-0.08846060409943415,1
0.0027464258797134005,0.40204259300910483,1
0.7776841234741474,-0.4691825691358517,1
1.2012921075617495,-0.4708012261700131,1
0.11476756290292982,0.9981532305197341,0
-0.46473958008834926,0.8768084430678069,0
0.4308118698666493,0.9000859439667791,0
0.17076326531895414,-0.01393186750885849,1
0.5441183133090295,0.8501283371013519,0
1.0887479084923468,-0.4950581996028424,1
0.13986876979935212,-0.007386963108661885,1
0.9233650164294571,0.3526944161085162,0
0.7965081864178978,0.5910406170946756,0
0.9233208342323984,-0.5056714094876184,1
-0.9994859555382267,-0.0033015567098360933,0
0.006878683557508236,0.3753144910200392,1
-1.0200768164275227,0.03463304049204203,0
-0.8750024816807408,0.4949489743297329,0
0.9802699950644285,0.1364404467409038,0
1.6589373930624955,-0.25256596279661364,1
0.2177682639637982,-0.12148959357839292,1
-0.5050201077866442,0.8779427422474355,0
-0.9262256489718332,0.3409961422796457,0
-0.6797123469422857,0.7241945644096479,0
-0.8302415413471421,0.5704884121915338,0
-0.004278853531723514,0.4573419308636066,1
1.8128219115697168,-0.08371801963604313,1
1.9722778192051282,0.331992551710447,1
0.026466266006522347,0.26649229105829003,1
0.05799788944452407,0.1888327992015536,1
-0.2709068227558215,0.9576691243998388,0
1.5457556312161136,-0.33115588078440517,1
0.848098204197572,-0.4706042035273523,1
-0.42546046611081134,0.9035908414798086,0
0.26749118327479404,0.9668367837191942,0
-1.020119820875316,-0.0005477070661535424,0
0.423358490019747,-0.30725292574214863,1
0.07450408395401516,0.12108024903989881,1
0.6373468885387789,0.7432601381863071,0
0.11773823504624238,0.04475893071591874,1
0.14275746312702411,-0.002071907012307014,1
1.623962600621491,-0.2810652353987016,1
1.9844099552841903,0.368773701658859,1
2.000536692456999,0.3874519256034661,1
1.6528530880364476,-0.2662666101032757,1
1.9484485245990002,0.11737654900757746,1
-0.9577977241465521,0.29360477940918844,0
1.9621293654620025,0.2549623091183932,1
2.0043092101823787,0.4555895525308313,1
0.5518454791846773,-0.3921946207354126,1
-0.10071938852215087,0.9786145289594916,0
0.4414574753788188,0.9047753800842855,0
-0.9644234456309805,0.3409598455759047,0
1.0099980987369959,0.12213066838066383,0
-0.8606854554447243,0.5110081569365367,0
0.09123597212887845,0.07423328072447903,1
0.1417424356298943,0.996550913376083,0
0.7788669269749612,0.5966856037398118,0
-0.9308311601140736,0.38418787358468665,0
0.24929298209699485,-0.15449209102723838,1
0.008863623581049113,0.47434958240400293,1
1.3722525365403513,-0.4193530277416837,1
1.1954444734307557,-0.47520847145279227,1
0.025615898030573365,0.32847075589174546,1
0.6675161620223036,-0.4444482682063309,1
-0.9945086610066268,0.09500120075089036,0
1.6928368987225137,-0.19979413475229701,1
1.0074112586920592,0.035720484909998365,0
1.5585116096498668,-0.3330293596574868,1
0.30596283088964193,-0.20811187851560548,1
0.9336293397763528,-0.5070086250708864,1
-0.22850115576376734,0.9791462168174574,0
0.5457772544108569,-0.3962362013754222,1
1.0087272624266956,-0.012280487064065766,0
1.42326530835637,-0.39854774631757306,1
-0.980179578185517,0.18479859719793057,0
0.8274443480360179,0.5458293499224132,0
-0.9526361784247311,0.3013917889150071,0
0.27154895270620566,0.9391768448295873,0
1.7067351940024618,-0.20122384138333707,1
-0.914364395767186,0.3970937448959148,0
0.44375336641521235,-0.3550075987239221,1
0.8309129701278181,0.5327574142250998,0
0.5513180699236147,0.8379051328256101,0
0.3804237987416791,-0.32299019695265024,1
-0.6608064540547268,0.7487355860007667,0
1.37279844018565,-0.4258048675087284,1
0.5590993028353319,0.819689457067072,0
0.015913100310564626,0.47904670552507916,1
1.7783746061303591,-0.14669473410381093,1
0.996102177634,0.15402436288264743,0
0.03475184554887601,0.24663627020504866,1
0.008393688814125815,0.2861783396979119,1
0.023042741241894028,0.28002126067978905,1
1.3029476342796764,-0.4435666987215986,1
1.959257401318735,0.27903051856826633,1
-0.39525455350091654,0.9291986810835013,0
1.7695087996484309,-0.12062494444141104,1
1.975359435501321,0.2992582947332756,1
1.9028754714934761,0.08680878551302156,1
0.9561006894698811,0.27376648409731175,0
0.6406179542118666,0.751368291567874,0
-0.9274058588619687,0.37756655767708897,0
1.6586059155282948,-0.2385616429779181,1
0.7388971525875974,-0.4765031057728673,1
0.9575419011305224,0.2452048903841681,0
-0.11516978436694418,1.0043273273366635,0
0.8296610718451284,0.5801519324733319,0
0.02035823956686853,0.2644080074163938,1
0.0033387453090189846,0.9899647497547829,0
0.7348815366047219,-0.4735432185218683,1
0.3122218716408901,-0.2238853589912459,1
0.34799050205825716,0.9411061178875572,0
0.4269796775677102,0.9033215003167041,0
0.9027543136028054,-0.49770341967773735,1
1.98167100746667,0.34863280297031707,1
-0.5061455857771204,0.8708111082923704,0
-0.4117915881332177,0.921368245244519,0
0.8376595624504402,-0.4839530525894677,1
0.9822849625811519,0.1701286220670762,0
-0.7019271792066546,0.7121834333775879,0
-0.6915301689831076,0.7358663891871459,0
-0.01623167980014224,0.9943057504696274,0
0.4754609728413475,0.8775440661543251,0
1.4766137898348863,-0.3870311342033288,1
-0.18445085748586387,0.9848279150125472,0
1.0118279842316409,-0.4917809994034071,1
1.4578944162651555,-0.37983776912829714,1
0.46084314544913446,0.9039354085748003,0
0.356048232863754,0.9430921544070207,0
1.0746858492716862,-0.5072812028458925,1
0.6915762791509267,-0.4554128841334532,1
1.2405519281700434,-0.4795042587620743,1
1.1430334256983512,-0.47803219041451084,1
-0.24016510236954294,0.961935565589223,0
-0.7498374595222908,0.6788260145554618,0
-0.17326188056970737,0.9898359020230195,0
0.5773973264439578,0.833888717153837,0
0.47664069459465236,0.8869307680340588,0
1.0049614628101,0.06143565690779087,0
-0.9514090443593829,0.22738574558683589,0
0.0029330662238418754,1.0120030111188074,0
0.45216743229698236,0.8947829423361549,0
1.5686812502143157,-0.3120574453820743,1
0.6612716403091902,-0.43886315519526764,1
0.9334888084068312,-0.48207540536482213,1
-0.8869342349855128,0.43633889276222954,0
0.08758931875994658,0.06755123074250201,1
1.4888056383133592,-0.3986956599674963,1
1.5594291046508064,-0.34673680282330493,1
0.11602963671687141,0.027737278531849933,1
0.01661500324958034,1.0055616907914293,0
0.10490466496660655,0.983535974883855,0
0.17780175392056213,-0.05809715325659835,1
1.1393040490453494,-0.4902471282789965,1
-0.9710938674880022,0.20679064060600147,0
0.7018481008996684,0.7045004127321073,0
-0.6558027339663421,0.7482147097132301,0
0.5189506417844008,-0.38120773259921253,1
1.8553755314984464,-0.001634119464667366,1
1.2381333983334617,-0.4670388485332991,1
-0.8862880446718661,0.44537549753103406,0
1.8493147292964411,-0.031254949549860835,1
0.9847588378301506,0.23685774481063093,0
-0.9520000393039305,0.3794326276455845,0
0.8141893343744288,0.5959125071366654,0
0.425962210006416,-0.32857746713030855,1
0.3458745572009308,-0.27859411108271054,1
1.919491663199401,0.15124301306342205,1
0.044253262334644224,0.18591552516254925,1
-0.9025356867218677,0.43882846741746917,0
1.0202586090302186,-0.4936905775848381,1
-0.6590192722784946,0.7476193044753757,0
-0.9753046708472609,0.24106446112013755,0
0.9901495876945282,0.0847566644190182,0
0.7954703973912005,0.5997221296064568,0
0.7400512724439129,0.687072686567582,0
-0.9762367311511494,0.2542163709935018,0
-0.009215891113819864,0.4217965839179763,1
-0.7977165009226699,0.5942461963359612,0
0.5197789842830974,-0.3606040192319844,1
-0.9433530874540191,0.3055219064970829,0
-0.3713815511768743,0.9442525856741504,0
0.3905995170925439,0.9186685247970753,0
-0.9726123979292577,0.1960391091907211,0
-0.9877101818188331,0.1040864249283065,0
0.8415793638340278,0.5185150302450234,0
0.8264063698031051,-0.4641448227224089,1
0.1819138497247496,-0.059912975443182935,1
0.37478349564678654,0.9161586070629418,0
1.8593135567013286,-0.014251731956340843,1
0.20056807002294563,-0.12414865700372033,1
-0.3220112145245059,0.9317244415206296,0
-0.20109290322857915,0.9690405133910731,0
0.3047565233383707,-0.21931143508806397,1
0.1424883586835433,0.9816970578191458,0
0.6046588239211573,0.8269866203674947,0
0.7769324679217238,0.6554236995500993,0
0.2957924299630748,0.9456233986575082,0
0.7820591839150899,0.6277043802617918,0
-0.18917905416920686,1.0100479623727177,0
0.5688264133057555,0.8133582862042954,0
0.1417972571916927,0.962504154789301,0
0.718799973459503,0.6626854397869272,0
0.005083820148190666,0.4504302427096617,1
0.8753951894187134,0.49113259457099023,0
1.9842022096526921,0.29614985461711163,1
1.6425643058903179,-0.2639048329248785,1
0.22809624900032602,0.9564421590916706,0
1.0592682447734167,-0.4959098627610699,1
-1.0187419149427808,0.0006485235586105691,0
1.064066269338838,-0.49400453614901596,1
0.753006130238682,0.6468455071421624,0
0.9021790722119869,0.46814886371229264,0
0.8316763557192353,0.5279069478891791,0
0.8202591653753155,0.5751354924415089,0
-0.9698240476223762,0.2244039816206055,0
0.9396792115899923,0.3753093065225219,0
0.007003588537886393,0.3047790395952153,1
-0.7077082054852482,0.7113710242911045,0
-0.9780845677947572,0.22294914408280603,0
1.4359343498168526,-0.40860309623998653,1
1.336509673181139,-0.4415728272720002,1
0.7728095032810905,0.6412552156912615,0
1.3549345030018916,-0.43814812016788884,1
-0.9770824446521276,0.13046395106860453,0
0.197059039862873,-0.0779694405082299,1
0.6161545049318027,0.7792846272985187,0
1.9800883160199119,0.3157358585070465,1
0.724929744310973,-0.4808304635053136,1
0.021065372919303472,0.38047315911584656,1
0.7595739339550021,-0.45910786357185324,1
0.5199646235810742,-0.38601333181436104,1
0.5858265559818572,0.8037545323482115,0
0.001382002771602873,1.0072712519724922,0
0.612786552570477,0.7817586054487328,0
1.0902795217685395,-0.48760238860679267,1
-0.9844361495204471,0.10725250398606648,0
0.6207451615786074,0.7739519479693735,0
-0.9318432575184076,0.3480248054739704,0
-0.33004330017380107,0.9531669748773267,0
1.818400590552034,-0.07858852951686121,1
0.8979142852540849,-0.49065044503738836,1
1.936786845185722,0.15333766283186634,1
-0.9586908272024589,0.32351487572625803,0
1.9310518931928633,0.11135569134265245,1
0.1145031423901928,0.0048769016832555,1
-1.015285006612239,0.040230010793554816,0
0.9409299531938833,0.3321917092402498,0
1.9386842555537682,0.15814944172569564,1
1.0120032822434955,-0.49550201949276595,1
0.9827501870856551,0.08452712886516185,0
-0.7986369606329762,0.6118951919431196,0
0.8053032383378405,-0.4702148284484972,1
-0.804643887629782,0.5919402974281214,0
-0.004857843049563323,0.4120425458153178,1
0.9922105730748766,0.02661563912666154,0
1.9438019679209653,0.1527703918656188,1
-0.5249548988446194,0.858740912060172,0
0.3335331163849559,-0.26987830330417556,1
-1.01780575333005,0.1105479672372031,0
0.07227608284572214,0.13212384726853554,1
1.8510076083921472,-0.030213720494398775,1
1.1072702929249008,-0.5006468506671639,1
1.9724291731173045,0.22389838040261525,1
0.7557177012323006,0.6446539217439036,0
-0.9892871959211075,0.036793856230634164,0
0.32087846004640574,-0.2504374015087596,1
-0.9833804241499293,0.06497164536777982,0
0.8374914685025149,0.5358077875074722,0
0.07593382655278279,0.08490892723830623,1
-0.8293298472817572,0.535998521497475,0
0.9537668753487231,0.309512079308779,0
-0.07043391133057483,0.997930206411301,0
-0.22391468214820806,0.9822401925156109,0
0.9102213343694715,-0.48166004288182623,1
0.44683070994430063,-0.35151091392252076,1
0.3712033372478996,-0.2734351076129971,1
0.15142030708162652,-0.020192044305114638,1
0.06893169798201985,0.16305052628769734,1
1.0035982190144992,0.03318300423858344,0
-0.39597183727023555,0.8946101217458723,0
0.3306219424532597,-0.25949674514308846,1
1.0123075257989824,0.11247324040708107,0
-0.4631583811253647,0.879024166195318,0
0.5862816239284796,-0.40138465983834104,1
-1.0138794255128636,0.01739752276394913,0
0.36334651947580365,-0.27303871892099557,1
-0.675606237400479,0.7623683566721228,0
0.15913716920490034,-0.05082114293740558,1
0.900660708332111,0.40087541271825616,0
1.0469236072644452,-0.5020436436178352,1
-0.9127621512051006,0.40804998598466125,0
0.16191616078880167,-0.057928835241810736,1
-0.33981100679537307,0.946790319510479,0
1.9888774558164077,0.4440108370930476,1
-0.9746131913380492,0.21638402676485455,0
0.2050130151391017,0.9792667857397339,0
0.6635636482385815,-0.4582141497911956,1
1.7706745446958005,-0.15916152579656345,1
-0.24736514867523005,0.9673092101916771,0
0.04331583983061406,0.1841418975963829,1
-0.9933944188356851,0.23778852288665403,0
-0.8975745296429712,0.45649024160038854,0
0.025407841554374935,0.26528755392583453,1
0.3458734320387551,-0.24773939971558026,1
1.8835099714447312,0.014057681697001776,1
-0.7829828056260438,0.6220967926951865,0
-0.42240885137356715,0.8931056590817935,0
-0.9767078532198171,0.013719550409767835,0
0.2869329038512574,0.95462213291539,0
-0.6915900527004692,0.7170392636631433,0
1.3907986707456639,-0.41416972114985334,1
0.2639801519516345,0.9787378972319953,0
-0.8232686872096209,0.5534623088191144,0
-0.4642991355529862,0.8834295365213034,0
0.07247317301025785,0.13785429664492654,1
1.763743425512479,-0.12693428222657366,1
-0.1408104707155739,0.9835772030427132,0
-0.9682135080876918,0.2666220931956341,0
0.045204138755790164,0.9911004960201968,0
0.06771008184722105,0.17997731037490322,1
0.019466629228075145,0.3216689288679692,1
-0.5385942166188862,0.8524198422313304,0
-0.4836948276167065,0.884538509098078,0
0.8555946575608433,0.513855471322252,0
0.9478306516561402,-0.49608396896144596,1
1.559857992246553,-0.32552273727724734,1
0.9275981506700927,-0.48166378626800493,1
1.4457757593342064,-0.4034694587073321,1
0.7846959320992921,-0.4749350839458084,1
1.3336029323838525,-0.45283499554435735,1
0.9380259870450569,-0.4840870190345176,1
0.023944345303094354,0.23996269816605015,1
1.6833430610593645,-0.21326456190854606,1
-0.5650113174600903,0.8451405215864207,0
-0.18401925680732908,0.983601945749619,0
0.5544263190019713,-0.3745139873356143,1
1.7479477928115312,-0.19293613833143017,1
-0.3900101234033471,0.9244717818541663,0
0.9965799429628494,0.17780748827278836,0
-0.5785065574943778,0.8241602219520816,0
-0.1327046763415385,0.9965478951468225,0
1.9457350546015844,0.19602876567946423,1
-0.01837742928035841,0.44229883791386226,1
1.9390192001508448,0.15830493598664802,1
-0.6751912302269903,0.7418471131815481,0
1.1892828647177085,-0.48496355838067245,1
0.799322243367759,0.5993232937277773,0
0.3738150863796375,0.9396215332057624,0
0.9499854831109965,0.27589047662993127,0
0.3500020928175832,0.94538300613484,0
0.8383467704848677,0.5053367026453988,0
1.438718720399596,-0.39516579458887524,1
0.8127379897634944,-0.48225505235048804,1
0.266923408920668,0.9678396492910261,0
1.9678356744495409,0.22451449601539025,1
1.68264540425703,-0.21200098610479468,1
1.986628311606713,0.4294805831829692,1
0.23679655909015504,-0.1439343360747261,1
0.6154257028996148,0.764450182787169,0
0.8671780360608087,0.49665480233547576,0
0.7434477156855536,0.6943902560912176,0
0.6036902760461744,-0.4133116241531174,1
0.9305889708778939,0.3480431692643586,0
0.07379030921085279,0.09916855241807736,1
1.0153841399641181,0.038602353160724766,0
-0.742085705882133,0.685080482151863,0
0.006717946726159862,0.40038006323804637,1
0.35874959538483875,-0.281133397867913,1
-0.5940459659437564,0.8194557618173559,0
1.9296725444988856,0.1837334708166726,1
-0.2829245237262004,0.9648189540770595,0
-0.7405662154368753,0.6829919692246872,0
-0.820501892583294,0.5814490050790158,0
0.05254888700382086,0.16938034506678962,1
0.9422889542014236,-0.49657340628756574,1
-0.5187437202984333,0.8739498265492391,0
0.8835384710635623,0.47400292793644155,0
1.526316012016409,-0.36190459253069307,1
0.9022499049730618,-0.47578002999860497,1
-0.39475751598193026,0.924092381486336,0
0.7338871360985296,-0.4613959085846746,1
0.642161621867259,0.7717800799576017,0
1.201296784672093,-0.487242251883095,1
1.9449205390979654,0.11366744046267868,1
0.14998296797255448,1.0044167978092853,0
0.11824251748222192,0.05052266481207961,1
0.9372753076192567,0.29068832129217986,0
-0.33356786566872487,0.9482708818102668,0
0.6805893703219221,0.7107392867643941,0
0.3339087136355813,-0.2565232755878099,1
0.9151116165786345,0.418206287378534,0
1.9932533358020301,0.33508541163874456,1
0.9379076813652032,0.35634968265392464,0
1.694821489702877,-0.20872851873174686,1
1.9904450926922808,0.3690954763605123,1
0.8934374735806309,-0.508425297200745,1
0.9191269560687169,0.3473280057008057,0
-0.4688747819546177,0.8983934074253572,0
0.9784963856130159,0.17530038524905914,0
1.8663160752541461,0.0029806493193938856,1
-0.08778567459633188,0.9940643707541745,0
-0.29591672027507615,0.9697333655463789,0
1.319117712011497,-0.43266023773269624,1
1.6546167383505281,-0.2422517659691353,1
0.07512445559913898,0.12516072238423995,1
0.7334864424800984,0.6734361753829152,0
-0.7207626658282749,0.6944315688604509,0
1.4158834402284048,-0.426213741215231,1
-0.7308235477408632,0.6737775106569881,0
-0.40758160450400394,0.9024089153659935,0
1.6437900490161097,-0.264437595458059,1
-0.7247574230902608,0.7140844633544866,0
0.8842045872295186,0.46925401159513974,0
0.1451911313604338,-0.025263975214634353,1
0.12022237134685211,0.07135572930344564,1
0.9020421202239751,-0.4809959233445209,1
-0.3085172517898271,0.9595086329993738,0
2.003664407822647,0.516084457576455,1
1.4756340712154192,-0.39020780293446766,1
0.3223350758028011,0.9445933364475738,0
1.90969598049002,0.0838027291493907,1
-0.7266666053462741,0.6654490363978005,0
-0.6535374923877372,0.7326225695705936,0
1.0041763495719178,0.0714663241732736,0
-0.0030094356270818634,0.4676317817045408,1
1.5437772428283154,-0.33626251195029105,1
0.10199978652591134,1.0037693694814194,0
1.9001737980703686,0.07138834924864022,1
0.09763443129730173,0.07910269388956645,1
0.40084183653258165,-0.2982222389847192,1
1.9455559030553662,0.18076188599977838,1
0.7950896881302412,0.5924296258509938,0
0.9507992619008203,0.35642832033884886,0
0.8513912221218262,0.535596306818728,0
0.16230729996797694,-0.035438263160949716,1
0.8041875838184003,-0.4792186822082161,1
0.6287566442304527,0.7654490136383505,0
-0.32166801674517514,0.9470538171942819,0
1.99253950560597,0.41468913089563575,1
0.9823315537618151,0.01513139991197331,0
0.26348852425300295,0.9666632667849108,0
0.9706812230919654,-0.47556056134402064,1
0.045791936025679186,0.1453806802288549,1
0.9241891375989081,-0.5063534776832493,1
-0.004647979105848027,0.46645773027159126,1
-0.42708144969983103,0.9233983213953229,0
-0.056581332905291055,0.9875151196546677,0
0.248868396396079,-0.18377410490455096,1
1.3030087945208872,-0.4544328907755161,1
-0.2960604689918155,0.9590611028672164,0
0.6859245380615829,-0.449154630688854,1
-0.49280179624622056,0.8678965694455247,0
0.2159897019089774,0.9852553192981317,0
2.015781608289886,0.46791317245989617,1
0.9795042315414488,-0.4846006682774101,1
-0.839097920040995,0.5771476675951979,0
0.5482809240350082,0.8305948816415925,0
-0.9759646976627613,0.24043116010027066,0
0.4610245350821345,0.8726953757418454,0
-0.21946403707736165,0.9734569293118632,0
0.7751821695226571,-0.4897392076663608,1
-0.8910891827061908,0.4466610179182685,0
0.3899547434486672,0.9142708306221398,0
1.1581193355936086,-0.48632946621096673,1
0.34180900370677564,-0.2636581753072957,1
0.9778374221781485,0.24584476053180193,0
0.8666924195145052,0.4732773908670686,0
-0.8758366342095002,0.5115662657418816,0
-0.6862139364786674,0.6847324234398439,0
0.4220650468380947,-0.304944624956646,1
0.25350764380707763,0.9701404186660336,0
0.00788234725707864,0.39848447915346985,1
0.205997471824372,-0.11133206966921982,1
0.4012726791250763,0.9166021204807046,0
1.927178263561089,0.12912990515533332,1
0.5152607829291371,-0.36730289536690575,1
1.3586451619907667,-0.4443836220517432,1
0.9439562785737053,0.3282800447202055,0
0.4376057714593877,-0.3378413652651857,1
-0.2377092834141245,0.9778211289734771,0
-0.9907611458941975,0.22793946428003062,0
0.5694349322093546,0.8208244525755969,0
1.9837968399238155,0.28051023853687,1
0.9107329723746557,0.39563383706665445,0
-0.07434059634938228,1.0020389858509349,0
0.7508003609280118,-0.47409132791141684,1
1.9030976639829333,0.04871658006987119,1
0.9906356179778114,0.12621027935088516,0
0.06908713089317844,0.9888185611231283,0
-0.9707051149235444,0.2745346876626241,0
0.27383925954719307,-0.18958215350732496,1
-0.3363202554212228,0.9496181878820887,0
1.0896564323580027,-0.49508177509841583,1
0.3758396104930512,-0.2870782768178597,1
1.9593631082063843,0.17360991327131461,1
0.972423345621066,0.2893277472588384,0
-0.332620493539467,0.9570257097336702,0
-0.76282307584848,0.6511299360163418,0
1.6364708379707193,-0.2817603983673346,1
0.42243553917660553,0.9041285161411742,0
1.9119369206207943,0.036827037777393996,1
0.11132268103771711,0.07155196876619768,1
1.5689065720444333,-0.3476452697925597,1
-0.39287674099312697,0.9348069010615845,0
0.8157705490874649,-0.4744668316863142,1
-0.8370196717112367,0.5501963226870071,0
1.4531048338524222,-0.37594904091833203,1
0.03727190293277743,1.0145986882021762,0
0.5367901208519998,0.8399317261446965,0
-0.9975210989163451,0.08098810286337495,0
0.707636761415872,-0.45922347084960086,1
0.04606030250910674,0.24971394102544692,1
-0.9152099441919092,0.36396325566647114,0
1.0848121243675832,-0.513257255569874,1
0.8850306292035542,0.5092726829911516,0
1.0058064729790508,0.06301476224336633,0
-0.057889416611519924,0.9943876432423138,0
0.19215139173190554,-0.0748787334076667,1
0.08860755354863803,0.08226971485902661,1
1.9955287007060325,0.2916991397651947,1
0.0634396971134785,0.16259645616946344,1
0.9387224909939347,0.38087269979495797,0
1.2954563932218257,-0.46010676870891665,1
1.9608951633859886,0.22462004430392887,1
0.5851685531304947,0.8073788835934521,0
-0.8855328048316877,0.4553372856441213,0
1.6993623595529717,-0.22111938506724418,1
0.4842359383664719,0.8926285474098132,0
-0.523233168406928,0.8626190266453524,0
0.6869554082956282,-0.4584033141791601,1
1.654719186535182,-0.24470621381792534,1
0.6075454000842282,-0.4310264381006061,1
0.9036616316803793,0.3830908236395648,0
0.7225640378623002,0.701936093676503,0
0.5150407690523253,-0.3934941060382291,1
0.6656514329485109,-0.4249822193024823,1
-0.6614993447332947,0.746578930561475,0
1.6173233583429585,-0.2877303146852587,1
0.39758444934790427,-0.29109570451727196,1
1.2699405848299397,-0.47915685204546843,1
0.26309392681676996,-0.1388105796144692,1
0.8820429975432018,0.4847236992904932,0
-0.5005815289871769,0.8618766683208816,0
0.9577206444895682,0.24433004790486115,0
0.053238266797596495,0.17747836182553733,1
1.9113848689064092,0.13169387945780767,1
-0.9740312202503955,0.22313801239261835,0
-0.7998560627827651,0.6084513883649524,0
0.10733688453425207,0.06842325135954769,1
-0.9324184282487464,0.3893474211047392,0
1.533124187609208,-0.36646711763138046,1
-0.631465837460307,0.7694016833949534,0
1.0092566911383172,0.08677249020679487,0
0.7795323333170147,-0.4638700826245307,1
-0.08178889091436892,0.9981507905686197,0
-0.6296843313817774,0.7783982466672453,0
1.968105382402958,0.2651569448244932,1
1.0831513701001705,-0.518207832307784,1
1.9806583490981458,0.2368637181977361,1
1.9554229869709,0.18352980187833629,1
1.9388468472674654,0.1375550858001052,1
0.34256270901173264,-0.2637158470227813,1
1.6875080870835695,-0.20913742042977151,1
0.6047808181788606,-0.40944335302190416,1
-0.9325508516867262,0.3787876034408664,0
-0.8585806386607057,0.5292721941428417,0
1.2281226576235058,-0.46610591282068853,1
0.9683489766710462,-0.4959103565148222,1
-0.8786900271972358,0.4586463753269041,0
1.000390108567253,0.16488353632683353,0
1.7955142833929973,-0.08877706534083114,1
-0.2602244233036423,0.9605718759265719,0
0.5982860544131169,0.7864876628837648,0
0.11135672154697857,1.0059285415215051,0
1.8515037382687816,-0.017031325343882516,1
-0.947961252219182,0.3180378389034441,0
-0.5145486810737919,0.8644377644821469,0
0.6594834424864708,0.7501624779831053,0
1.5326272026180385,-0.3377576170992653,1
-0.5557954771346204,0.812833651412817,0
1.9859446387705657,0.23228266733524208,1
1.5737502154905514,-0.30131174202859157,1
1.9159486704447732,0.09908415427930015,1
0.8745232642011177,0.47898992348571195,0
1.8759270277778344,0.031916593111847635,1
1.2499953898777592,-0.45604308609448496,1
1.4803064181908017,-0.3944132185074276,1
0.06368460439341014,0.11789013295909967,1
0.4366400111630599,-0.325876762771687,1
0.45758386037791177,-0.36319369787592154,1
0.8047358449876122,0.6083760158010398,0
0.4601604422440049,-0.3488722449359453,1
1.4669531283035915,-0.3760381687972597,1
0.9018712142152279,0.45375229104959985,0
0.6428159878805785,0.7759120724207567,0
0.7680959255259531,-0.46075925150467206,1
1.9831558087463173,0.49886221997494,1
0.9115561549426775,-0.5059865277444611,1
1.9756040848725596,0.19942210158455992,1
-0.4312274944052256,0.9077925234927071,0
-0.8240672884932372,0.5753617065270578,0
0.9822557292602233,0.16734065061634673,0
0.14319944131165804,-0.03263650925199455,1
1.1857724924739133,-0.48907750550270834,1
-0.2720259968439498,0.9814508955939926,0
0.9858995212569731,0.1785377599899319,0
0.09228768908682496,0.09981496131787164,1
-0.8101296113612177,0.5633091302925048,0
1.9229173360721696,0.08487472474810284,1
0.0032195248039110316,0.4351146383244431,1
-0.8228189135046307,0.5797354115575436,0
0.6557244497537724,-0.44109782755265053,1
1.3712654285302788,-0.4246336218730776,1
1.8755410107056776,0.060838599400669324,1
0.12174830026851008,0.008872004888544994,1
-0.3390350952232162,0.9264051999846968,0
0.9819572876007541,-0.5034593095188092,1
1.9798399096733874,0.223275132173597,1
1.5961496500323296,-0.2992132314084536,1
-0.18752605209831122,0.9795533754583093,0
1.3249946327962678,-0.45115655986358344,1
0.007817590613736991,0.39787853919895005,1
0.8137462431163225,0.5848842746151875,0
-0.8306114424429535,0.550154844445819,0
0.7074877352820717,-0.4481458275530926,1
1.9673734399413383,0.38771327407869743,1
0.25981111319106,-0.1724011444384339,1
1.9768233498436127,0.26845376413775585,1
0.024150778657982055,0.37128569965928454,1
2.005657933150732,0.4567416149793277,1
1.6522760291280276,-0.24194110293356072,1
0.6454967443749344,0.7669694670987429,0
-0.9561371113309285,0.27959128950966944,0
0.904652296707721,0.42301894232598036,0
0.09658467286062077,0.07095881634762166,1
0.29536974920575154,-0.21313308631707034,1
0.722360070576665,-0.4725156959885743,1
1.7473074596224454,-0.14316484730489462,1
0.487370600164065,0.8761239644828516,0
-0.8344856352258831,0.5297795948268613,0
1.2915940214941966,-0.4571717206954677,1
0.33417127793693074,-0.23483551589642288,1
-0.32065126552922674,0.956377614308302,0
-0.8534802827219587,0.5074216466504753,0
0.6528860193053388,0.7438308969112098,0
0.6809647009323394,0.7361839891016356,0
0.4179298040351478,-0.31337616064358026,1
0.5459874243829553,0.8289474880348022,0
0.7836713663258403,0.5893399592435333,0
-0.44773219984546336,0.8947324527117221,0
0.14730185591027403,-0.007494739430237757,1
0.8671578412521189,-0.4866968602616532,1
1.450554079907474,-0.38258898762321825,1
1.8363351516342066,-0.05173567676006939,1
0.6979097940353418,-0.4688599563270524,1
1.8850688321077125,0.016532889202576014,1
0.9528319478017073,-0.49061896341773525,1
-0.44192837218389064,0.9083774755062768,0
-0.49277801598729265,0.8496367781852553,0
0.12386524619934472,-0.016986520943004756,1
0.8260873220059404,0.5492087435728957,0
-0.026410087003882192,0.9985051563785933,0
0.9764989020841977,0.22221801580807093,0
0.8258484205016036,0.557541587598851,0
0.8677967178443865,0.4828671420066531,0
0.30600370236594554,-0.21365457996292508,1
-0.16574823069647368,0.9666399961712875,0
0.133796593584239,0.007845148308051402,1
1.733259047345259,-0.18501871225025865,1
1.9832690900980527,0.29545219666037353,1
1.4466245985400599,-0.411087845906365,1
1.5464556330510786,-0.3222733786330721,1
0.08323196099022834,0.1472046973990348,1
-0.23347445010504153,0.9600567313097284,0
-0.5053086504842687,0.8785138596406018,0
0.5820669183999357,-0.39664930976821283,1
0.31965865563675294,-0.20618094030165718,1
0.3427045668252022,0.947567896608696,0
0.9946586783663508,0.21724624911698043,0
2.0086574556289873,0.3699489742184408,1
-0.6244812458978255,0.7821940241652287,0
0.38495394513464676,0.9199976641572332,0
1.8418247058363078,-0.051746738215201205,1
1.4247179872282114,-0.41450520448667666,1
1.7730673907516001,-0.14008228167024733,1
-0.15143833256060524,0.9999861465978116,0
1.0412856011047837,-0.4885545107753124,1
0.8409842189269886,0.5052759130103405,0
-0.8087744105532216,0.5735198392552869,0
0.9125440212415268,-0.505364677872991,1
1.981702176384222,0.27754808947162035,1
0.3229790974574774,0.9388661827289253,0
0.6265679034957383,-0.43868420478176134,1
0.2813851027169782,0.9613713669687038,0
0.24397283403740183,0.9727492143901612,0
0.5283749210921415,-0.39140644677131936,1
0.979928988917531,-0.5146836061354365,1
0.9611794223029312,0.23006097596983113,0
1.917555885919917,0.11306844329637888,1
0.477120257310219,0.8776792305459761,0
-0.5865681068812743,0.8134530503434352,0
1.8816715567583875,-0.012875547474504367,1
0.5925792178565494,0.7893242335204141,0
0.3850211366568678,-0.3053664343574215,1
0.6039471531272496,-0.4144831387085502,1
0.9561776588045567,-0.4806685774257166,1
-0.002137995053421795,0.41909131925029686,1
0.09121915550588752,0.029289631901125546,1
0.4439352866419128,-0.3237458403183301,1
-0.5808167183363164,0.8240365402273281,0
1.9306614646505251,0.1034787430894517,1
0.4230838780658043,-0.30764101674777267,1
1.1445674930623848,-0.47714278046165975,1
-0.4495671080048595,0.8927532840034536,0
1.4096919119437845,-0.43386808675106175,1
1.875268870264058,0.025037889371799144,1
0.17439092576467347,-0.05412236949606286,1
0.17367250549229216,1.0043997002612133,0
0.9779708965077144,0.19827035984056635,0
-0.7564363772844285,0.6321436808902405,0
0.0621366466411596,0.1680885199778937,1
1.8443270210532894,-0.053046513332530416,1
-0.9932213573747719,0.09961463928540304,0
1.9868534422911186,0.23472492294807112,1
1.0015561540603968,0.10638298082836398,0
0.9788622770817477,0.16259845475632143,0
-0.23002402152634985,0.9586927243516792,0
0.4194983992596885,-0.32389747575200195,1
1.6451536454924662,-0.2805601079376704,1
0.7326231817940506,0.674743475031048,0
-0.4887535774318973,0.8808684102013558,0
0.9782947936648698,0.2190989838602142,0
0.1262490001698692,-0.00811215499713313,1
0.008620869018297688,0.2962986364159329,1
1.9875828199106036,0.3279919343693683,1
1.966866484805477,0.21223110841089585,1
0.018145330573645403,1.008319250372654,0
0.23335123637759303,0.9724243098272639,0
1.6102141508571084,-0.30399256605820846,1
0.42752709293800983,-0.3337123546304454,1
-0.27400633478930514,0.9684359278518236,0
0.2844592581438554,-0.20634103524419126,1
-0.6078766303831906,0.787265289339476,0
0.17037655294899617,-0.026427546262092334,1
0.16030631926021546,0.9739413506536734,0
0.3120601518328409,-0.2375955806994189,1
0.6128615110369399,0.801432157276836,0
0.49469434251594707,-0.36543155332876215,1
0.3308777476492928,0.9424104165194744,0
-0.13009065098464928,0.9855724805776583,0
-0.8415825163056694,0.5307872140111193,0
1.8044480299930383,-0.0997225287574736,1
0.9621951364820895,0.272349675854401,0
1.0014215443482453,0.025094940743630126,0
1.934990963932018,0.16365001734217874,1
0.1500191714215845,-0.043985245251481196,1
0.5466426501985719,-0.3749106597382689,1
0.8491938544135886,-0.47929417979222155,1
1.5596644779339142,-0.32130361058055174,1
-0.2226916849047665,0.9686798322889416,0
1.6840447968123764,-0.23493273973625808,1
-0.3793515622338198,0.938607837407722,0
-0.8887005648932299,0.44240602369317356,0
0.7588352535627727,0.645958579958079,0
0.8013989050022157,0.5924459519824528,0
0.8141091077402579,0.5521247073771504,0
0.16354173563651983,0.9900534099317836,0
-0.8917222411037008,0.39007182414287495,0
0.4317258498765305,0.910510880329139,0
0.8712353678448423,-0.46485164433082676,1
1.4321782884980734,-0.3950243116766581,1
-0.7078799775481387,0.715480460567148,0
0.21794817875880457,-0.12846774228221405,1
0.06149171379073704,0.20840677295474763,1
-0.5567066034848607,0.8408723304329824,0
-0.00025954962959269523,0.3767430499605514,1
-0.6302656614221387,0.7513345245611137,0
1.7909155592584654,-0.11121193320264024,1
0.47554883492568845,-0.3376414701994496,1
-0.9976819902182079,0.05631926927450284,0
1.149156539288056,-0.4713664895602398,1
0.8450017530795744,-0.5042752903516604,1
0.4659119233711934,0.8762525619417374,0
-0.9657831361887296,0.30346935117443674,0
-0.9654782563361032,0.29023509951958176,0
0.05411081741849425,0.23969720011018447,1
0.42987041717661345,-0.3054794029200822,1
0.26891767765441277,-0.2017286795767549,1
-0.41170508859814314,0.9207517447931783,0
1.983307648386006,0.4193425270705614,1
0.6820928896055941,-0.4512040667718022,1
0.9237450339394203,0.3677824695884241,0
1.9942269410080946,0.348608508274993,1
-0.9644236452742001,0.2882585578393843,0
0.9748407247177685,0.2398287761671663,0
0.2893077933230076,-0.21411875295559527,1
1.7328953962130837,-0.19432264438717248,1
-0.9336048850054798,0.3336451489409864,0
0.7523212518033398,-0.4768370147776345,1
0.06699297595668616,0.9946225250040047,0
0.1014185084775733,1.0039094497502787,0
0.9316774509659901,0.35055810802068704,0
-0.7444842980692178,0.6620846657097309,0
1.218758959732276,-0.4923431374609771,1
-0.22762946786152655,0.9718259185103509,0
0.13893119472814477,0.9930039359127757,0
0.6933025265041666,0.7207803066734843,0
-0.4816191679480843,0.8852381948622917,0
0.09403463487062141,0.9819522141068898,0
0.11041458573429039,0.04494259763908261,1
1.4254416280648512,-0.409756885976599,1
0.00425050521555465,0.9906685750035925,0
1.547379281542506,-0.34638182983522703,1
0.13642511924119133,0.0008005894921981139,1
0.31941358934479835,0.9477131055249568,0
0.46554762929383703,0.875727025522029,0
0.0689215134135398,0.14441317483878402,1
0.49822464385268767,0.8652961041259215,0
0.6238219182121253,-0.4181632748315351,1
1.3910388035864543,-0.4339172660606433,1
-0.992877417624303,0.0729562671955896,0
1.780676787725488,-0.14392255867208614,1
1.031709874731074,-0.4765543828052939,1
1.9801407595697675,0.3944365279667269,1
-0.9101327019469133,0.43036677782154015,0
-0.8072021448912897,0.6051290752080445,0
1.770663009918953,-0.09876448624079698,1
1.9349517408915753,0.10434910178944236,1
-0.9663716628383239,0.17640129562976065,0
1.9946687170029542,0.37781134471205924,1
1.681319269228078,-0.22613560131112823,1
0.5920712239646556,-0.411450186182833,1
0.9763987649773166,0.2237938263603321,0
0.3191411902898901,-0.227990534489505,1
1.4254095827199478,-0.4214819700938212,1
0.3381325742560289,-0.27119467267152625,1
1.3601387326945327,-0.42703229678289223,1
0.8912134168855249,0.4593932535540354,0
1.3583208010813834,-0.4306912336244273,1
1.7670798735420492,-0.13574769296403133,1
0.45506360185880057,0.888671680585569,0
0.04617886811479513,0.21131909165799032,1
0.8002742546911306,0.6265554897602615,0
1.1125008498045497,-0.47840035237873724,1
0.7069842578914312,-0.4622295203736,1
-0.8264343364600291,0.5556424037042222,0
-0.9644290325340015,0.2533639078253074,0
0.6258089436188221,-0.4198449320855963,1
0.47008505082297164,-0.35548726477367587,1
0.26607298204552043,-0.15014397550426747,1
1.9020984552010405,0.06092914207064243,1
0.5491433414396872,-0.37876106623514644,1
-0.9079912716115851,0.40805634584458317,0
-0.9889463610240381,0.05268854474402487,0
0.1691751977248129,-0.04148126877801263,1
0.34702064087627976,0.953785952349061,0
1.4369911176302714,-0.4002739354791199,1
0.4168603561333547,-0.30934462281015024,1
0.9870099601941341,0.14796525180809214,0
1.6233084112139229,-0.2771154259902464,1
0.8686918752068252,-0.492719396184998,1
-0.5841881536207673,0.8230895506020329,0
1.5115559402670766,-0.35605805887031444,1
-0.9860807874049765,0.15982310539407218,0
0.8094915041085202,-0.5168423275729768,1
-1.002882095472061,0.07675821518768813,0
-0.10818852767895776,0.9962074448457972,0
1.0798410565854573,-0.4911578494291921,1
0.7643865274609286,-0.47485256117291336,1
-0.2812370063328602,0.9497250003736576,0
0.3611812275893432,-0.2542463125835737,1
1.945973554923178,0.15485064687541178,1
1.4053776210130906,-0.41266732956948565,1
0.17968511967230508,0.9837449413850367,0
0.9810207540314945,0.1282923438320829,0
0.02604725892565326,0.2500497063322232,1
0.23731570180227834,0.9579387841453715,0
-0.04854406898933969,0.9873167542467917,0
0.011721091338338773,0.3459052575579365,1
0.9792033749116625,0.2188957160285375,0
0.9755080642374224,0.2265727787921972,0
0.4512276842696485,-0.3349898396061925,1
0.35406099030421334,-0.26834857141900403,1
0.045229086258656244,0.18564911548544233,1
0.9688426354380932,0.3401918310189903,0
0.7616255382759717,-0.48932568528907294,1
0.774546401662861,-0.4756748431269444,1
1.9144149704661266,0.12477122199124638,1
-0.2484318455722708,0.9832001680005067,0
-0.9517302215075443,0.29293559179130824,0
0.6963314821859001,-0.44917084831729664,1
0.23649817910910315,-0.13652924951579998,1
-0.7642986763441949,0.6193999337865911,0
0.3660434260087565,-0.2793829340073186,1
1.2245987309662916,-0.4698947607818558,1
-0.5522209402420565,0.8405955797201701,0
1.8695014607972984,0.02845043070243939,1
0.6618991745554921,-0.46438602443567895,1
1.9691423509318111,0.4000904862076112,1
1.9313441715673132,0.13912142097516697,1
1.8073224098682072,-0.06983218351887518,1
0.818471497578636,0.612740139174915,0
-0.2539893296980405,0.9503202516196836,0
1.8708462596812307,0.010927809771791867,1
-0.9359442457567736,0.346712362073074,0
0.25841075606468,-0.17355119604106997,1
0.641819794860318,-0.4135069884028133,1
0.8765713539504318,0.4960359286389555,0
1.944051473242811,0.17173315955215335,1
1.692379541089146,-0.2001016383905779,1
-0.34816258518167875,0.9392260677590355,0
1.6433973563530246,-0.2524573734481112,1
0.8761634503926312,-0.49567139247420033,1
1.094756934982668,-0.4974145953328652,1
-0.0392431081623518,0.9966208595813546,0
0.7002193786433216,-0.4669446731001054,1
1.306224753700359,-0.4720983024865798,1
-0.06332805150942533,0.9977519735715049,0
0.034262778627689054,0.26375937518728,1
0.9987239833274458,0.05464078439495799,0
1.9494797083245725,0.22956874014471326,1
0.1554484079186535,0.9830850027221547,0
-0.9467156751991148,0.31778126701233006,0
0.7120488494012387,-0.4680390134049584,1
1.6741918757599998,-0.23798136709020754,1
0.023741615693115278,1.0118761766837365,0
-0.9752242774720822,0.06258328579104247,0
1.271796612177998,-0.46874650790776207,1
0.5371387022297497,0.8459054625408449,0
0.24045788543486896,0.9530098616824536,0
0.8410758032461523,-0.4684500968817149,1
1.4799015716999824,-0.40064736785904215,1
-0.6068547160295837,0.7777947599080933,0
0.98635727316241,0.19395225071441674,0
0.42577820061857385,0.9028612159988585,0
1.5837794726562058,-0.3080828626311412,1
0.8002483569724403,0.6149765363413953,0
-0.9129278674716045,0.4088777166800936,0
0.9725854311439539,0.20290522181994436,0
-0.23991070714557483,0.9854343059570605,0
-0.9092597900337419,0.45758955829624526,0
-0.6602500534948217,0.7442002848986333,0
0.6149672933853805,0.8002893693860726,0
1.3327211769381941,-0.4368163863853599,1
0.9794679437175992,-0.5050091987787255,1
-0.22409161286531454,0.9817728916084555,0
-0.9631097175171611,0.26865584137973386,0
1.8427324266877678,0.022254844283353024,1
1.9067641957350823,0.04553193753425105,1
2.0057009419049288,0.450715116302381,1
1.838850999457479,-0.026727114582931394,1
1.794491519032629,-0.10551159085786974,1
-0.565141812111675,0.8387087938912581,0
0.05082314130253143,0.12181073994576652,1
1.924716309177301,0.10988246847542235,1
1.7697303365075663,-0.14274571347903492,1
1.6577707077215367,-0.27198724340815683,1
0.4776802570935877,-0.3604581146213973,1
0.9475829133075238,0.32691758745589117,0
0.8363516534059365,-0.4696384265794961,1
0.5670627472474569,0.8396545729166027,0
1.9618634555036543,0.17675857890839242,1
0.5052012371884274,-0.3687839946444568,1
1.880788690878498,0.030593944949641412,1
0.8586526981271645,0.5053144093628156,0
-0.3898752668226277,0.9045934037213961,0
1.951230742935668,0.2374381892376416,1
1.9087683296576439,0.06789526785945448,1
0.9721572464982182,0.17719732497695062,0
0.44049891178450945,-0.35420603944670026,1
0.023861895464167678,0.24526819530153052,1
0.9240304600105168,-0.4802586500211418,1
2.011920720107593,0.45776379221286284,1
0.9988163880121235,0.09017774412101065,0
1.7566178340586889,-0.15782762492411423,1
1.9035430774339954,0.08406676493378223,1
-0.9555873855886341,0.29959924215595773,0
1.9982407985721853,0.4450204929818652,1
-0.7831793445103379,0.6326667433704928,0
0.5922181119057797,0.7892628879735658,0
0.3503082878866912,0.9386627055776912,0
0.40355424765683295,-0.29938365796706135,1
-0.7870246616810241,0.6185254607834719,0
0.6495244635903807,0.7653706413951198,0
-0.6860397168648459,0.7236076065152547,0
1.7624748501745107,-0.13272260378938427,1
-0.4583809865513523,0.869346176233137,0
1.6164681625886066,-0.27133853411505665,1
1.923795138100642,0.15486044123429543,1
-0.9950381338139279,0.10834984538428155,0
-0.25134516767110676,0.9727025437709227,0
1.5694657121984585,-0.30798642440397617,1
-0.06233896581271444,0.9971934798187821,0
0.9830212300854021,0.10739221565612868,0
2.0102425560571597,0.4266495614169802,1
1.6749304421285731,-0.21499216828084194,1
0.176738832084847,0.9928652139696978,0
1.3834196950018405,-0.43819012129699275,1
0.7615956179211457,0.6508016385013198,0
0.5053990001189628,0.8555914781099572,0
0.14969003833549194,-0.010608916207643851,1
-0.603298654839265,0.7686429145826978,0
0.9547451221653076,0.30604731544381714,0
0.43279126859384304,0.908998700468797,0
0.6394930057381445,-0.4198593905761229,1
0.05158511080319138,0.9967888984535919,0
0.008348114004813556,0.4414976111624983,1
0.9819819265302843,0.17168649195675306,0
0.17318466950314326,0.9832671771642536,0
0.10009993555892852,0.07612535989120604,1
-1.025471870984623,0.10491100071136396,0
-0.8379792557630636,0.5571823271493512,0
-0.40205440094750183,0.922003933564824,0
0.11458726398163227,0.06358713020494472,1
0.041512247575126456,1.0092524077628973,0
1.9529984350893606,0.23132367131275097,1
0.5177600543568566,-0.36185090306247514,1
0.4899245759633129,0.8752464839901022,0
0.7211848528098389,0.7022945758501856,0
0.2847456341045256,0.9542987202961174,0
0.9530601765252705,0.2879697069491877,0
0.025329181812433564,0.25968009466824815,1
0.05640122070266671,0.18140586945336365,1
0.8702539835068241,0.5169781511066032,0
-0.03203296586084482,0.9921539134670913,0
0.6130193202041982,0.7942632620818978,0
-0.007270183845413359,0.47970353405284816,1
0.9892625994313473,0.08473278626711174,0
1.974691350255016,0.23978115213171045,1
-0.7994708861330238,0.6246807463840247,0
0.16117324941620342,-0.06403285562905983,1
0.41753810169884886,0.9078210589112627,0
0.15541388660096078,-0.02773815664973941,1
1.0403732615674532,-0.4862240692603661,1
0.02045956509140125,0.18289047699645747,1
-0.12872672678578423,0.9881683832280506,0
1.2154333913021735,-0.47060947844856926,1
0.22874922437731343,-0.15961693504394023,1
-0.583560137904621,0.8268267892852516,0
0.912068044730639,-0.5059773690402534,1
0.9785996805316871,0.13009845961157798,0
0.2883550251923188,0.9624439507642377,0
0.08409457710726183,0.9809339370034579,0
1.9783223220030743,0.21834132961015865,1
0.9721083164819084,0.22841524912058858,0
0.09701736086051271,0.9936282940204619,0
0.8672623742819204,-0.5060570296477417,1
0.8904370071274771,0.448904415026433,0
-0.5968573876807584,0.7854686851668453,0
-0.16552578810031698,0.9703126252757904,0
0.17685730439830036,-0.09064155592989132,1
0.25915701049348305,-0.1447553063390094,1
1.959500300696782,0.18491951887608327,1
1.2164348809058503,-0.4884699532589583,1
1.3143141853648284,-0.44743530845808976,1
1.6540168839042002,-0.28119373137992065,1
-0.16617729397576816,0.9962468525107114,0
1.5810028496666697,-0.3031657130912933,1
1.4236565795757752,-0.4159668059317653,1
1.963717703299771,0.2685465752843332,1
0.15891253816594003,0.9814340704812344,0
-0.1618709729720423,0.9953536007008229,0
1.7504571634855548,-0.19446221599802327,1
-0.5312991494918371,0.8499352799266199,0
-0.9933769067690267,0.08839731323746686,0
1.6652623174425356,-0.25108075050846057,1
1.1075964592957042,-0.5030837701805828,1
-0.8653280508879543,0.5203308583965988,0
0.9614471085916029,0.31730535406807836,0
1.9412562168598562,0.22669909676354766,1
1.986952862874312,0.4410460704013376,1
0.04505818400872305,0.2634813870415778,1
0.021258103094480646,0.3185760250262253,1
0.9567217710871962,0.22396232777726702,0
0.5193190288844146,0.8635749415686647,0
0.6375642712980741,-0.440241994475954,1
-0.5370709823604604,0.8315306384706147,0
1.2807651657945043,-0.4609902965944903,1
0.3775570070825187,-0.31301925927490065,1
0.9754145444801127,0.23354486419336767,0
0.07448641901956571,0.05998051893344757,1
0.9274737518366439,0.339877850920681,0
-0.558151712283756,0.8127675763251582,0
0.8563506199565095,0.5164795949686829,0
1.9921610235833738,0.4638129443852502,1
0.044740695720881504,0.18694936501694856,1
-0.6284864853446369,0.7794703885562856,0
1.6245270317891074,-0.28218197290790215,1
1.5585461871719657,-0.3288247725327084,1
0.7520246069764631,0.6624961179272691,0
1.7724890637935338,-0.1346507828762234,1
-0.9326615020410746,0.36508639505220514,0
1.0567212515486843,-0.49719757844929235,1
0.40893057846352426,0.9205882941980251,0
-0.9976359720082062,0.0688035535175045,0
0.5978579099505743,-0.42470150960370273,1
0.454670805550244,-0.3434648231526179,1
1.927591170168571,0.10104385533014638,1
-0.9524027269607309,0.3554310714958796,0
-0.703850754515201,0.7092189581101764,0
1.9446147385889925,0.14789543156972243,1
-0.9104537724485913,0.43785053724657186,0
0.03906468317248794,0.219651621256191,1
0.33822105879674197,-0.26143583342286575,1
1.287895948110077,-0.45507353834826825,1
0.24596505993394713,0.9825662414657935,0
0.877136543601523,0.49489127913867453,0
1.743839595873996,-0.17875682157187103,1
1.281147950727232,-0.4718168546805495,1
-0.9687750380278645,0.24137367846344332,0
0.9470510763974938,0.3422928085214669,0
0.1367472576329317,0.9998265148021102,0
0.4523212957463604,0.9036204172654073,0
1.987482075019396,0.2942422989881972,1
-0.6294591303540055,0.7679529098319345,0
0.5841989889971093,-0.39160696309514664,1
0.5351929919135856,0.8517325405116778,0
0.15789137245877155,-0.034492861557633245,1
0.4514573430916097,-0.32914727033314933,1
-0.644242927824196,0.7863263351463702,0
1.9809063772663575,0.24663327310864996,1
0.8347920502052955,0.5735677661011164,0
1.903135414817522,0.08900379781877092,1
-0.010508324237114397,1.0024895843485704,0
-0.9896729004402004,0.17178819180204596,0
1.1955734851452844,-0.4757443545927543,1
-0.4110600499130409,0.9169658403728838,0
0.26800779666388785,-0.17857224483009024,1
0.1555402888369391,-0.022705401544831184,1
-0.8426023977693751,0.5400608384548662,0
0.7094309986120908,-0.4583294334135958,1
0.986989948902306,0.1150712034048669,0
-0.33367080003760935,0.9362188406995721,0
-0.1843259110226509,1.011983564670331,0
1.0638794581964235,-0.505105995990907,1
1.0992899124234239,-0.5023758658098043,1
-0.7800760011256995,0.6207595775360782,0
0.9569906880876005,0.2810952796689217,0
-0.4057407133592063,0.9190780331196114,0
0.2676036212300532,0.9438290546475235,0
1.9829801538480565,0.27120860476361447,1
0.9833938529799561,0.20656490278544987,0
0.6495566519990567,-0.4418769036212752,1
0.1971151962802284,-0.1309960786972409,1
-0.8763294988314739,0.4873472972646465,0
0.3026925787878427,0.9529801899533724,0
0.37540010015962905,-0.2891445462531154,1
1.8842096309093384,0.015658002773700053,1
-0.1641298286697091,0.9913570342222161,0
-0.1273387685427309,0.996734656901623,0
-0.7880906782972954,0.5985689820417484,0
-0.5680653898648375,0.8237016187013201,0
0.4604500570364095,-0.3516466095431331,1
1.7577650480936056,-0.15938755852965428,1
-0.012114614307060505,0.4612816304708917,1
-0.20051481110433342,0.9860506587330726,0
0.23683049208590978,-0.16775034182609083,1
0.32935560625243765,-0.22864812154523811,1
0.7519740379272866,0.6564325965351463,0
1.5160423575285076,-0.3507315981522538,1
0.05682506082319052,1.0158393936432295,0
-0.8039122297412218,0.5981756677752865,0
0.6958363195536028,0.7155894107125831,0
0.52300854493527,0.8477618389206816,0
1.7604560639725142,-0.14377390975510979,1
0.08881643121291558,0.07229218239627826,1
0.07295536879772538,0.10717720125554718,1
1.9432623995494176,0.15274529447695226,1
-0.8013264182945404,0.5900273762932096,0
-0.3034451295396184,0.9566989867358885,0
0.9106818759346238,0.37473748442501814,0
1.9749985730458617,0.2716742729562293,1
1.9879627448085215,0.36001078217729143,1
-0.1829709973561578,0.9769388904606033,0
-0.6168186806470843,0.7772947028413669,0
0.7102525099459925,0.702877437110939,0
0.9508356599001196,0.3514779835358655,0
0.9212209303622197,0.38530735564381985,0
-0.8136174953333751,0.5639108590720293,0
0.0614356376829249,0.13993379410363485,1
0.14059500763626778,1.0047171448081798,0
0.9998189130659936,0.1299554827034389,0
0.5216406715889373,-0.39041367476411626,1
1.984075675397063,0.302476750382321,1
1.2449219705771304,-0.4632452890914854,1
-0.20312365706734897,0.9767289097939902,0
0.96951710302039,0.2058664957077625,0
1.6311777553271856,-0.30072587585627913,1
-0.7536621788548872,0.638388296992222,0
0.005186439194294462,0.4196897262946828,1
0.11782969511408395,0.07276253666321575,1
-1.0011134035606895,0.03192545218064639,0
0.50265311917751,0.8733010902931587,0
0.7129761164065365,0.7046068157873715,0
-0.05501407834588065,1.003901920889137,0
1.886865567501123,-0.02437509565717719,1
1.0015082270194269,-0.4928669619944001,1
0.8767786419283385,0.4966485483138297,0
0.8757699137952815,0.4735881708470849,0
-0.19030327474741227,0.9726801898683549,0
0.9218520408869284,0.40782196235852636,0
1.6847618393961157,-0.21234820561432874,1
0.887582321105462,-0.500727722707678,1
0.7244801107895747,0.6993058082294847,0
0.017078896486998486,0.3138014126078885,1
0.21165028191525304,-0.10972233534882747,1
1.5959005850489703,-0.29330223212935347,1
-0.3164706967438541,0.9473753085042845,0
-0.9777402657558896,0.20024750584756026,0
0.8089214190848601,0.5922043240430684,0
1.7206365417083016,-0.20149039187466736,1
-0.987154065242284,0.08957508761180286,0
1.846396959642705,-0.02813604368959989,1
1.89876326402226,0.055271948315761314,1
1.695457306351742,-0.21091494439125472,1
-0.002341849357062359,0.45784175682941763,1
0.17776131056907876,0.9872864301591449,0
2.0074207699350604,0.3641847834664046,1
1.2441830178077393,-0.4808882372372997,1
0.15292351031515267,-0.029016647162069066,1
-0.2925935624332662,0.9401370707717672,0
-0.9092765073152567,0.44263009579306567,0
0.1255181040180347,0.010686714443934237,1
0.16464984165340274,-0.05164830423891019,1
1.6827264741283618,-0.24626557771828708,1
0.18963171756245964,-0.07694484124316205,1
0.7977694367361522,-0.4807790378178737,1
0.08059472286332298,0.0790308954121113,1
0.8157879809887764,-0.473815141976681,1
-0.86434510333367,0.4917855172312668,0
0.2754503866865814,-0.19710424382685773,1
0.5102895211822132,0.8646453749892081,0
0.25842185219272873,0.9804727433449933,0
-0.711658936425408,0.6878987984085054,0
1.8863272884402835,0.018343939101874648,1
-0.009869897784154527,0.4315158721240404,1
-0.3492866611913747,0.9286324274719592,0
1.8114860457435693,-0.07177650631518757,1
0.5045088853793458,-0.3619044571310931,1
0.2211481781960919,-0.12225875273247395,1
1.9170000613420368,0.061238529388937035,1
1.0130043673270595,-0.4823388768466171,1
0.5405532698258706,-0.3789593000634215,1
0.5620422467676175,-0.3879309171233982,1
0.15241876624119127,-0.021652814785021464,1
1.9818523474091023,0.3176703252731267,1
1.9114412549288828,0.08037531708161935,1
0.9184755265065427,-0.4902274771989354,1
1.0070373966046733,0.042347906146203276,0
0.29705579699981255,-0.21298852568709248,1
1.5051736799951523,-0.3477225928849527,1
-0.735150648956959,0.6829454706553171,0
0.9851814390064612,0.2449351005416627,0
1.0141038522684043,-0.5020900212377285,1
0.2706364516272616,0.949118075718889,0
1.356925447240769,-0.4526245148082645,1
1.521895509036125,-0.35281305233405374,1
0.7660585513133314,0.6363060780196778,0
-0.6332128650942146,0.7670538976531128,0
1.8971173649750752,0.04795791532086355,1
-0.8603491993201885,0.5109299306763264,0
1.5039783163983245,-0.3744491712602096,1
0.9018430299130875,0.44524484309579765,0
0.5303286071963265,0.8405827466425154,0
1.7966726338360954,-0.10918136899933567,1
0.19959081713422366,-0.09456858008965568,1
0.32105174862272473,0.9458253036821826,0
0.08326698588968737,0.9999561586977219,0
1.590195910226297,-0.3015574056223962,1
-0.37491261386426084,0.9344597175616379,0
1.7300465998117178,-0.17761224751865134,1
0.9888421452097673,0.160068274796003,0
0.8787153083083423,0.4952367007209179,0
1.5259524219347442,-0.34697600067971135,1
-0.9494125115688581,0.3161087209019263,0
0.541935045961003,0.8471277885901493,0
1.9517800385337791,0.20351850182543127,1
0.6052958971225332,0.7927709353537192,0
-0.9826287007227273,0.07884899664902226,0
1.2149538489770477,-0.49223615878467236,1
0.020653191070454515,0.2866460282935182,1
-0.946435483266391,0.30983407716307193,0
0.044775652466369165,0.22637164261828688,1
-0.8002780836118784,0.6114375379805835,0
0.015276214504371707,0.2984103380586707,1
-0.7713562544596417,0.629823706288184,0
0.8813751080668978,0.4535180678859871,0
-0.4635460907372497,0.8631559602738017,0
1.8971487264357134,0.07724812809669923,1
-0.6130197160690084,0.8039543864729555,0
-0.2155369498624716,0.9831364616513338,0
0.0029116040466769903,0.3305247936947447,1
0.8133554557435484,-0.4741011394146858,1
0.9689393280945586,0.2376135829580607,0
1.345492388994,-0.4505170944368572,1
0.29219390058575484,0.9652870529034717,0
0.7075644875862189,0.7018308883441051,0
-0.9589152890766328,0.24486480144641679,0
-0.15600175221646576,1.0008432372981757,0
0.3666216543036522,-0.29220873088585614,1
1.7618785265637564,-0.13824545502867047,1
-0.7412664343643286,0.6624754771601359,0
0.49297596396409377,0.8766339347026391,0
-0.10364204404837993,1.0105927284269665,0
-0.9999201788222372,0.058193818742672994,0
0.5561016191486575,-0.3846321969908531,1
-0.3049587519028797,0.9452151719348845,0
0.26233109867548143,-0.15787779756948392,1
1.8194161117313337,-0.08301099068165407,1
-0.05269078167698214,1.0169573186144152,0
-0.001453078608101165,0.3915146880389995,1
1.0267518458475744,-0.4840880214493172,1
0.11041810972853035,0.033407881875223824,1
1.013434944243386,-0.5192650135056869,1
0.08278046229330474,0.1403699833633659,1
0.17609803689955694,-0.07885915434937597,1
-0.6033762727782502,0.8122737187030138,0
0.5645587117529175,0.8208074754797934,0
0.9627931186835492,0.25186748305255974,0
-0.5644436301222968,0.830451405532462,0
1.9482727274650447,0.16505821726262454,1
0.05049951311049269,0.1810877403017788,1
-0.936796437475909,0.3638977004940075,0
-0.6969269038125222,0.6799639495908729,0
1.4524340661801394,-0.3781369861296256,1
-0.8895361192162873,0.4721608217112421,0
1.8690248919413892,0.020338889873553555,1
1.6620335523374132,-0.24764521744688223,1
0.23898235992963635,-0.13456860652599548,1
0.8371206544365187,-0.4739485890499427,1
0.007308268472688161,0.40739448283339186,1
0.9353417027741924,0.38856959625772497,0
0.70040589046759,0.7280055603724636,0
0.5724963654332584,-0.4143861104228213,1
1.4891128754485232,-0.38455537179416016,1
0.38018617737272364,0.9137150319560164,0
0.9674969888781589,0.26128948064906005,0
-0.6747377897581017,0.7385908310923625,0
0.24250169901025778,0.9824274305184937,0
0.21872748431833294,-0.10554628055977266,1
0.7113356099615025,-0.44162428076420995,1
0.04516823579122746,0.1955315592714385,1
0.9255608659523954,0.38145320640884983,0
0.35550652651342424,-0.2728050558835378,1
1.878979137797492,0.004374774062914925,1
1.8205887269754624,-0.053765609783909964,1
-0.22313701528410623,0.9834270421246587,0
1.8126430511631932,-0.06793757729145937,1
-0.9829144325464098,0.20510417379840373,0
0.552340657033808,-0.37649190797543236,1
0.10413865825907676,0.00873157797829224,1
0.9825232325318926,0.19220135181945555,0
1.9903957414165865,0.4213542663476401,1
1.0685228762919372,-0.4793156963126084,1
1.9934747135338717,0.428420887353703,1
-0.9847556343007762,0.13806956720509936,0
0.8542365436008016,-0.497695955904146,1
-1.0256106180284827,0.06514571384186,0
0.5825951405401526,-0.4159948782255789,1
0.01278991858840521,0.3856028998562716,1
0.5458933662102599,0.8473350832323815,0
-0.2843204818367256,0.9586477640953558,0
1.9217201302292657,0.17779614671868096,1
-0.7311723582521197,0.698736209199699,0
-0.657297491977127,0.7529133599489768,0
1.8661618914481344,-0.02471150669124643,1
-0.9741712098095358,0.15178158408460118,0
0.47019834058090826,-0.3384417885872165,1
0.7782826124498994,0.6323214724722523,0
-0.9537434377738754,0.29090319667803693,0
0.45359560315983943,0.9030842236619805,0
-0.47314711494646705,0.8722352922789485,0
0.06304638720607911,0.13641200371806694,1
1.7470255885935861,-0.17163930783035658,1
1.6184766258605674,-0.28606546714489256,1
0.7697468013110497,0.6348425885337338,0
0.9862419868333733,0.09638309754274232,0
0.20804079340249035,0.9970756786468319,0
-0.9752257336602651,0.30017431636361014,0
0.7501739737844794,-0.44440134145413024,1
0.09118325669316203,0.9866648216074597,0
-1.0018420315614567,0.07001704449070803,0
0.9900362116639235,0.20186845515550483,0
0.6634537124258798,-0.45338033156625057,1
0.12753145373024605,1.004895100921944,0
0.2918417207240758,-0.20421663096844023,1
0.2304782050267545,-0.14213356853507955,1
0.24655159980312547,-0.19549696133969427,1
0.11851106933243452,0.04202871334880734,1
1.7322751693034582,-0.18322854650505754,1
0.11954863730171494,0.01608859337154126,1
0.9922084527921622,0.12561600724139235,0
1.9551510644161787,0.19903153049995567,1
-0.6593143068166158,0.7499051415889229,0
0.8426415925733529,0.5356906592586274,0
-0.2267299429460382,0.981660970995448,0
0.05576462390378552,0.16079145859755953,1
-0.992462235427779,0.22302076402245,0
1.370183817583298,-0.44718991860731555,1
0.5283473250151093,-0.3983707116769612,1
1.5037146923010387,-0.3542863227320436,1
-0.8561341754881325,0.5088796883015352,0
0.9981854006294326,0.1605033288814663,0
0.7966606321934157,0.6178466091534031,0
-0.6712154831593223,0.7290602113932171,0
1.820992341915868,-0.08695358721844991,1
0.931373141877348,0.39807442654199865,0
0.5626098723025004,0.8170406577856185,0
0.22573104860462162,0.9641596059003017,0
0.761517758507804,0.6752868922506656,0
0.5732578318884343,-0.38768350266289014,1
0.6973687466103324,0.6981769044195479,0
2.0128853681848895,0.40657546745626055,1
0.5517433088006752,0.8187474955281984,0
-0.01487865394364787,1.0075948535751356,0
-0.5861295488193468,0.8089473777233862,0
0.7394436420622968,-0.4615780911562303,1
-0.7803038336416398,0.6015060025888905,0
0.9902527609499124,0.0677061163685621,0
0.11556743018003275,0.039793767445919885,1
-0.7583412917100513,0.6633234051364646,0
0.07170706104533824,0.9989196678319547,0
0.18780385366490018,0.9714697413044955,0
1.7663248018595858,-0.1689711752753029,1
1.842197742834832,-0.03492694428873804,1
0.8387948059134069,0.5645639174218403,0
1.2085556774786121,-0.47219904906803045,1
1.5741416965392105,-0.3135066854355725,1
0.02362114986349862,0.2884560933870746,1
-0.9733922173145481,0.20636517944417168,0
0.13529781618125253,0.0027739881847981575,1
-0.6350323616311587,0.7814526534100246,0
0.11666429214162097,0.031030254289093746,1
0.7518628240080626,0.6540688879313922,0
-0.623050644865711,0.7798687340217718,0
1.920946101833721,0.15098093473275323,1
-0.6751242239515421,0.7553483028212282,0
1.002654968807035,0.15680157609499715,0
0.7853143585981094,0.6323430527594204,0
-0.03019603448194587,1.005819484574082,0
-0.6042557328843912,0.8036122852935338,0
1.8844257130410267,-0.0034305205078327982,1
1.9830567091583993,0.37221218536533457,1
0.10576984749573629,0.07044125192680026,1
0.33807326471882354,-0.25460848354496296,1
0.32537382298313844,-0.23204905214838542,1
-0.9640620345697968,0.30021193442190713,0
-0.007614036012958085,0.3851175377255424,1
0.9595279377389108,0.24524145322364882,0
-0.23329260689813708,0.9620803935583226,0
1.0178415642427363,0.05276091487094224,0
8.50621581025444e-05,0.4792878170784886,1
0.21327914707042545,0.981244745668172,0
1.9108682776402253,0.05947922884863301,1
-0.7589200185005569,0.6451473270729836,0
1.9230673651049206,0.1367039074824474,1
0.530851379130761,0.8273205247691487,0
1.965499424910044,0.32072937918896444,1
-1.0026404188287288,0.05586661494942484,0
0.8244836141676762,-0.47527490475314693,1
0.27052683073078265,0.9630425035361043,0
1.4581195121855992,-0.38361433792063987,1
0.017284756314304803,0.2963099279675446,1
0.8584508622321432,0.5112545137432596,0
0.04996005185300391,0.16188329677563126,1
-0.9948618670736863,0.18520845485792797,0
1.8228527125355543,-0.05415376963897286,1
0.220588326838428,-0.1270946059663512,1
0.6213943879884507,-0.4155940451745846,1
0.04857135793870626,0.17302234821676668,1
0.6543980611962115,0.7357777411035734,0
1.9778463083327413,0.3005895954840866,1
1.5979199671841955,-0.3010651278919128,1
1.2563274490437428,-0.46484460704042274,1
-0.5668712538874795,0.8377591327518292,0
0.8262223624894617,0.5867095073064402,0
0.008242288896884208,0.3139657569356177,1
0.7148242885954978,0.7114590446566516,0
0.019524861861672668,0.36563708968830905,1
0.9184227436199958,0.36457489329104004,0
-0.4544133910304784,0.9189300834951266,0
-0.8786740859085029,0.45916736676748077,0
0.9945805701783835,0.05063299869542128,0
0.027126778797984107,0.3002383639529923,1
-0.1470201064289582,0.9829985336960371,0
1.8488332387095947,-0.03791207034703293,1
1.3390214208462559,-0.45028309533487837,1
1.9919146836104331,0.31595913628724864,1
0.1305964712317363,0.004468322308211195,1
0.465436241407558,0.8783017156829396,0
1.7302601647024747,-0.17987686616398263,1
0.7247316078599944,-0.44566168322823746,1
-0.7735944705244454,0.6219899429115195,0
0.5097754066032912,-0.37840865046642846,1
-0.7756792710288696,0.6297226881934954,0
-0.13206990351174183,0.9920461868874019,0
0.30164727923394674,0.9486812282869808,0
0.9609601487320107,0.32127835658039894,0
1.964248604601145,0.27591384641813355,1
1.194554590029843,-0.4813072171427984,1
0.24517552280163107,0.9685039541902922,0
0.6445123726958681,-0.420057611533473,1
1.2972696218360382,-0.4608391397553609,1
-0.9519234271590896,0.3138237662587721,0
0.7657264954907663,0.6383885582329369,0
1.8717739626851395,0.017545398461388355,1
0.572256650420354,0.8112166003224542,0
0.20289687579194912,-0.11948780027246586,1
0.07303842949900329,0.11058851793823656,1
0.8185974450684643,-0.4878462749163532,1
1.100940003302271,-0.48435682452213347,1
1.1012727750675815,-0.49424432503934485,1
-0.6807153113728447,0.7446390722401794,0
0.6569052145205132,0.7722564015292169,0
0.9473072783461324,0.33864859929540553,0
0.05123660765482145,0.24160289325183812,1
0.0958663160878676,0.058451998060614505,1
0.6711055878342224,-0.4390328918734699,1
0.23759367004661955,-0.16012460341482912,1
0.05601289645461385,0.18528572795156792,1
0.9942854509198138,0.08352177881491313,0
0.6670308267333329,0.7425787959416498,0
1.3108565735671909,-0.44516466521566056,1
0.9366186605124023,-0.5199298295810272,1
0.4663255651894247,-0.3463438352653307,1
0.2062723650094229,-0.10925451247701634,1
0.5428120659139184,-0.38611112308285006,1
0.17102864177434102,-0.07178019982110213,1
0.8147318721929458,0.5534717950541175,0
-0.9852756810398172,0.07909323978582126,0
0.4592796797485531,0.8707715466434042,0
1.9843924534115582,0.39099703178304124,1
-0.020029647970171833,1.0010780414381244,0
-0.8463525159794114,0.5295174684896974,0
-0.27971665800625645,0.9622116415834474,0
1.957834406150707,0.19099703316328906,1
-0.8742563285724595,0.49732461867189004,0
-0.9646788137851134,0.22587058635765148,0
-0.4911568304901507,0.8653017525280831,0
-0.546935688052282,0.8314249519176393,0
0.4407116713957065,-0.32182395963780686,1
0.2730459684550768,-0.1940582654660612,1
1.5362641959159942,-0.3176194120059873,1
0.9948565687769785,-0.4939520163582736,1
-0.3169975741524475,0.9583199473325753,0
-0.2694480703638689,0.9785001768462754,0
0.9731796425640203,0.23976616794673197,0
2.0128244305836307,0.3737628739991809,1
1.9773249741311247,0.3842266602161773,1
1.9136343507990041,0.10506448648099743,1
0.3930306227286727,0.8953060219027884,0
-0.331546976843443,0.9453836441588764,0
0.39754777131905095,0.9183137040846115,0
0.8697626751819173,-0.5018446232411644,1
0.35383648313064836,0.9333704225764938,0
0.23049454071826184,-0.1311308149766781,1
1.9776161658436597,0.28624715728474337,1
1.1121814489659436,-0.48822323116058963,1
1.476294482976582,-0.35742574449863984,1
0.01620164592908839,0.262198497147489,1
1.9638068820869254,0.23787350835795243,1
1.9684565621209005,0.3063514189717906,1
1.260912398836888,-0.46753349339985567,1
-1.0028080033879985,0.028418003229532095,0
-0.14203727257724372,0.9900160613681801,0
-0.46369593954232124,0.8902979097212766,0
0.20362400234807457,0.9787341730862799,0
0.018046320081235752,0.38431997649887645,1
0.8731430323868572,-0.4925561822256548,1
0.7688863458154382,0.6510362116711469,0
1.0001720626603203,0.014513584448211318,0
0.009232242002398925,0.38880224440820604,1
0.9757043666427636,0.24097716064653635,0
1.1348984638392883,-0.4843365979897381,1
0.19219815175392066,-0.06811032509469048,1
0.07750686826024566,0.14007166266213794,1
1.9748972997809564,0.4012831151219536,1
-0.5980648631950943,0.7999292773453519,0
1.9755357856207953,0.201409379425008,1
0.8624356740410831,0.5121563205200401,0
0.4453391395085672,-0.3283624392581231,1
0.4394905886122627,-0.3388758565319011,1
1.0092058288216958,0.0077766163817160824,0
0.8491816294973654,0.5475189301990436,0
1.12268787494856,-0.4881599512787041,1
0.08966717061971857,0.06286117259545534,1
0.05000592361758684,0.17768541759341377,1
1.5644444096078178,-0.31041187621559735,1
-0.6912368815028688,0.6698961815921143,0
-0.913175580399267,0.3938616472179935,0
0.5926615452718244,0.8006497582531901,0
0.26375857496002797,-0.18746610010684386,1
-0.7479677335337138,0.6770292528188859,0
0.4934757075674636,0.8778016531705914,0
0.04682032440967211,0.9927163045265442,0
-0.2863707605346388,0.9535619305842189,0
0.8762552218508083,-0.47907744853840467,1
0.39859549653884735,-0.2908086751622574,1
1.9245878022578722,0.11829295489239214,1
1.9894868560061734,0.3522969220048789,1
0.510243071815684,-0.3630862101733443,1
0.9813423814745939,0.16023622646279914,0
1.0883602167781399,-0.5010020031399173,1
0.17473764330661978,-0.07511486078129076,1
-0.9422335950853479,0.28504070694832134,0
1.5568255211088518,-0.3400208803480871,1
0.17950141842221853,-0.09404592917226097,1
0.5139303861916782,-0.37826070519991595,1
0.5766472511302012,0.7961215419087974,0
1.1394284696794073,-0.49432964713109506,1
1.664579503205839,-0.23387236328935893,1
1.5849185359910156,-0.3043378375377276,1
0.11346818630378513,0.9729930707717676,0
0.3353656408723175,0.9545427557097524,0
2.009033987765827,0.4511891510113102,1
0.702717401210266,0.7197153434282384,0
-0.5684284894764484,0.8132964809530825,0
0.9456141746922428,0.33171467768142704,0
-0.5504574808670797,0.8443098716894493,0
-0.4339151753985285,0.8887046588328187,0
1.3984249596003953,-0.41696235914611196,1
-0.10050460295982498,1.00004363987179,0
0.8544600033059437,0.5242610612083535,0
0.001277275218124614,0.9822837025723626,0
0.7881167780976319,0.6401537009144437,0
0.9886525847062205,0.14970753538720877,0
1.2295938513256142,-0.47414813767130914,1
-0.9498704238143573,0.314996614217839,0
1.655251247708392,-0.26841723691195524,1
0.9220231068832477,0.402696974793916,0
0.610902660365057,0.7781640462408527,0
-0.9871679569865005,0.06700870369050443,0
0.9794431556720358,0.2803718392269067,0
1.872144918003264,0.009848300945867052,1
0.0084278361120495,0.4480290454772791,1
-0.738454686294047,0.7009117151772474,0
0.19494324076336522,0.9758527554534677,0
-0.8428317934539677,0.5302128672299917,0
-0.5217332762395097,0.8805466264864891,0
0.8099122940592468,-0.4774044071726761,1
1.123387818492284,-0.4929451647818735,1
0.08884559238203676,0.12410755945091893,1
-0.9784523182659031,0.269716339459421,0
0.07871440936413514,0.1143929540159434,1
0.17410638614261373,-0.07057516584594052,1
0.21545705146922048,-0.08813725306150669,1
0.6289396404721304,0.7649964423863206,0
0.9316845116485518,0.3689971022470644,0
0.8994878263990396,-0.5042937412101761,1
-0.4038980495260792,0.919426396621778,0
0.16059072548284875,0.9851389858578113,0
0.1997625240770479,0.9894036910568564,0
0.7423029234993067,0.6965165450686435,0
0.15981486922646287,-0.06214193823170844,1
0.20162272429742625,-0.11785016575225414,1
0.7279535927311432,0.7065490169750132,0
-0.7419674301248103,0.6573348261738372,0
1.010799948153907,0.05437371739190005,0
-0.9864076880964655,0.20461026414044242,0
1.9228996776664522,0.09147436870787586,1
0.15479409583853007,-0.04669907991884744,1
0.521678844974863,0.8546670481236718,0
1.9955421384374863,0.45026785927552065,1
1.8848628128869944,-0.004031884160665137,1
1.9652019248932113,0.29643506522868884,1
1.2337219221524394,-0.46355344946869054,1
1.559515492086635,-0.3158748408588799,1
-0.7925843247048615,0.5898042271612026,0
0.479006756528506,-0.3548770997729694,1
1.881441307348929,0.05855820784561204,1
-0.7014315638626699,0.7414783209940703,0
-0.7698134679737132,0.6474483808564637,0
1.876201100511023,0.04619323025249688,1
1.4968243058292081,-0.3778399983543884,1
-0.40830588429796083,0.9109221281057067,0
1.1438558183392553,-0.47182323324734793,1
0.18855623498830573,-0.07315630071372309,1
-0.5424950273623179,0.8265226655748094,0
1.9789903418958312,0.17745068136261233,1
-0.553866101852407,0.8492865134931884,0
0.8353580350910118,-0.4938322594894548,1
0.9955622234006928,0.18088116011978245,0
0.5519800784668079,0.8365201649424011,0
0.21294119473602405,0.9804154928967223,0
0.7443268985637729,0.6641999684719133,0
-0.4004557321193224,0.9163990841636097,0
1.008600203821808,0.15305998260035616,0
0.05020984649074375,0.20152236735384502,1
1.1486949210751172,-0.4980429452221736,1
-0.43319016271010063,0.9051674111409072,0
0.6003204628289077,0.7899861051065498,0
1.0002962303777108,0.0582976299155917,0
0.9759322896252948,0.2168170693630043,0
0.43272968411769636,0.9004695969591303,0
-0.6624315318425257,0.7732883908516924,0
1.741230906507385,-0.1807387718895211,1
-0.16297117353678872,1.003894305168648,0
-0.1923968066070128,0.9921312552043502,0
-0.8944493551101498,0.4251442744812235,0
1.527793662133686,-0.35741256593678067,1
0.8562692348751463,0.5113110430046407,0
0.7919471689744184,0.6085835155356004,0
1.9700762240970986,0.23794046797919038,1
-0.2360470571292666,0.9738326846398536,0
-0.956919288176951,0.2225348512728504,0
-0.8830090707250337,0.4635103592501499,0
-0.953499450877031,0.3379741826800242,0
1.6266084007623962,-0.27590422588937574,1
1.5749016002375733,-0.33677643767149124,1
-0.27853467998332965,0.9563366391120574,0
0.331651240720548,-0.23970071274611587,1
0.3760631140465431,-0.2812352257830809,1
0.5936109859631761,-0.4067094792893973,1
1.8852392527057362,0.025644157566459658,1
0.7550587373921005,0.6535514115510778,0
1.8836160250936402,0.05169185359635967,1
0.16597812938426765,-0.015272053678551745,1
1.9988447491642856,0.4042874844733452,1
0.8856438508261718,0.45170621433558666,0
-0.9783082363064934,0.1789751821794301,0
-0.9702830117884418,0.14909591071716607,0
0.8797785906969268,-0.48503602360799447,1
-0.5195281212422824,0.8708193306310752,0
1.6896372475768482,-0.22586498326592006,1
1.1623576299716505,-0.47244898669916224,1
1.1080104718858024,-0.5034036625574211,1
-0.6329431030335155,0.7905315485682182,0
-0.13545463259043358,0.9660797561465302,0
0.46214191803166876,0.8815524850268163,0
0.6585259425972717,0.721775516035038,0
-0.018572568814454554,1.0099073182841034,0
0.5237902981072644,-0.38657836289628883,1
-0.549840655583236,0.8223779543162294,0
-0.20249128380052853,0.9650967407730671,0
0.5596060945698508,0.8530907300808814,0
0.17403142875975458,-0.05237655046677192,1
0.2997174268536133,0.9716435801744852,0
-0.15432337888501713,0.9813263117290265,0
-0.24780064497786009,0.9703815772765462,0
0.426290094513829,-0.33014210804707855,1
1.058028959355489,-0.4819800305159469,1
0.6889809382415707,0.7198156178922949,0
0.8120320533451403,-0.5097331107506934,1
0.022217950800431378,0.9981945887944758,0
-0.06787865238153319,0.999773502796789,0
-0.5148523483671534,0.8575937355234766,0
0.9538698799518529,0.21596889610562084,0
-0.07350795239624135,1.0296512598677492,0
0.9728595537436502,0.2544213450702787,0
0.8387228912737098,0.5535149349237733,0
0.9756931322345161,0.25466629661435214,0
0.2407606912098918,-0.18602872294243505,1
1.7346750733625063,-0.16376284985069148,1
0.6232206478269702,0.7667734243334291,0
1.2461766478636025,-0.46782015915488734,1
0.40462593001984987,0.9057563968497355,0
0.8599512824909054,-0.47783174761059394,1
-0.9769897095113728,0.03718550135881152,0
-0.1359439255610557,0.9830401357237204,0
1.478277475314245,-0.36375933062595156,1
-0.684074625915024,0.7518567858933608,0
0.4000134854941579,0.908030461220493,0
-0.5149076712464202,0.8690067471125292,0
0.027828636678516004,0.34047315548368157,1
-0.889208215440237,0.4518895886680625,0
0.959723840544743,0.29870269430548463,0
0.8542149576085819,-0.5028488856619957,1
0.24229106139044596,-0.16472659021367994,1
-0.9846148857532542,0.017104365543230585,0
-0.939722637878767,0.378839326097849,0
-0.8248580949263947,0.5603578746157296,0
0.6328369747008552,-0.4125519410796729,1
1.9232543435051421,0.08779917074592368,1
-0.9059346194749774,0.4650365850493956,0
0.9585385957337428,0.3060867307237061,0
-0.6954726085402065,0.7372067348349358,0
1.1916582123822541,-0.490897594424745,1
-0.23494380518213873,0.9647414606804564,0
0.9098983232744966,0.33503042457442433,0
1.9918625279903488,0.32509170714104163,1
0.00032417964556713075,0.45036749638148177,1
0.5657482637147939,-0.39917689701724923,1
0.8547753907910957,0.5177694463777306,0
-0.07152876303078551,1.0126708155011044,0
-0.15815760723766237,0.9878672766845447,0
1.3182795939768637,-0.4518150344223472,1
0.674118471621235,-0.44233029062591456,1
0.8579261945655678,-0.49039247399965535,1
1.3385801259973606,-0.4418972569528667,1
0.18726711812433533,0.9799375596710107,0
1.9525016777253676,0.21076102650299217,1
1.7351819500299845,-0.17506247477330952,1
1.9612249807883233,0.15735400668510657,1
0.6845908932839591,0.7360118114884879,0
0.6843208783325307,0.7310630788823774,0
-0.04329617897752774,1.0104321358298554,0
-0.6249758808070267,0.7839572904428735,0
0.1296636651383159,0.9749475225705134,0
2.006136920079958,0.3775797384151145,1
-0.9381935850551175,0.3696917019019305,0
0.004344288324895919,0.4455169788467489,1
1.2167953126017348,-0.47269170809704786,1
0.6376250797570707,0.7792450783306447,0
-0.7940162570094955,0.6033553813232808,0
-0.753872428685124,0.6722829490098501,0
-0.7967867659996013,0.5929103745254553,0
0.09632210346961648,0.9831808235936524,0
0.9379278603303595,-0.49022448111225403,1
0.5152307522363802,0.865446286715378,0
-0.8617574545088643,0.5282951920154927,0
0.9972262430690493,0.07419916021216483,0
0.8826426206226909,-0.4754365025490144,1
0.43047301371307994,-0.3206376669725356,1
0.2863381190381187,0.9474068301108459,0
0.016445239928081196,0.4189523962900541,1
-0.8566582642425321,0.5266645935277916,0
0.7941638000353716,-0.4808378364043647,1
1.337251724989633,-0.4262528050727272,1
0.05211981603257304,0.9959384975692972,0
1.1573055691598504,-0.4754394802713451,1
0.7405401590133699,-0.46533067989907273,1
0.01084431952342587,0.4414699393042417,1
-0.9148166232738043,0.3939041763530712,0
0.18975840377949157,-0.0872705168862363,1
-0.6494332294156644,0.7712466854892179,0
0.7188511162314419,0.669689489756973,0
0.9768912495645373,-0.48863594567023133,1
0.396236385369326,0.9344240190300116,0
0.321572183872221,0.9471437120685317,0
1.9959889288622963,0.45133661411162995,1
1.9940632436079642,0.3907293495614191,1
0.06645187341873691,1.0037128799372776,0
-0.9836279670921951,0.11634593415718275,0
1.172906517419208,-0.47157785760724336,1
-0.9116899769043001,0.41656563017013426,0
-0.9734848570666618,0.20600594461194802,0
0.10579237892544582,0.05548408581221735,1
-0.4725449075559463,0.8846712524719916,0
0.45855140042143333,0.8812092288997168,0
1.5471477927151283,-0.3289836585198646,1
0.5083589692408218,-0.3803480927883522,1
1.3965732408875513,-0.40524699275773274,1
-0.8371486507327247,0.5317544057588194,0
0.12330563544318932,0.9940121384108148,0
-0.5354507769072392,0.8262675647732411,0
0.5748595131442267,0.7931491778240749,0
1.9578864461192267,0.18271442008175257,1
0.9598228009035346,0.30527477370187034,0
1.577961709561505,-0.3048278344685052,1
0.712241123630772,0.6956631797267024,0
-0.9797601661731199,0.2245466101423675,0
0.5125481676663456,0.8408283559941351,0
-0.4321635835028099,0.9027214146220756,0
0.6209581530883171,-0.4143967368259899,1
0.9963622077907283,-0.4948101677101717,1
0.5334930949393986,-0.3854930825826147,1
-0.985913051656015,0.1911023951215662,0
0.11785572172109544,0.018673221432749167,1
0.8390933317869113,-0.4735137425326058,1
0.026272182350257432,0.37043515300919666,1
0.8951930275671623,0.4173128918012741,0
0.6791652984285639,-0.44494939174115405,1
1.4258846638720284,-0.38873213799197265,1
0.8961082955056263,0.43626725491742924,0
1.297617723849644,-0.43281997718388127,1
0.9124893750343116,0.39496706374770124,0
1.139556824661295,-0.49270002794491136,1
-0.9981028376670693,0.09461707187117716,0
0.4760758953554442,-0.354197937222006,1
0.9483844884714567,-0.49502292652418467,1
1.2482643553531965,-0.45545121723213217,1
0.1082970635114532,1.0137915633866303,0
1.4881980661685623,-0.35382381203440244,1
-0.9739713383077362,0.17335992243062454,0
-0.20338065656240736,0.9745870221181417,0
1.8496091278070594,-0.04457313754514476,1
0.005375109348573885,0.39243816282336696,1
-0.8819377419752021,0.46164320799000114,0
0.9494820888292946,0.3123004594601518,0
0.028002795723782045,0.32795369393342627,1
1.5195417821686634,-0.36564968443530177,1
-0.22552681596563148,0.9803333481938191,0
-0.925336205526962,0.35750265348445337,0
-0.5886353711772288,0.8121997406512427,0
-0.01248386547692855,0.49213764472418803,1
-0.5562766632009924,0.852604959701213,0
-0.8633011472875338,0.5422538129349961,0
0.6756500396302414,0.7217309471319923,0
0.16659830645185306,0.9910724886739667,0
1.5808141777139217,-0.3339118741736713,1
1.0973231367933636,-0.5085717170687507,1
0.8751352506538316,0.45328940386926914,0
0.5917255119355476,0.8037759322693087,0
0.7479169732770309,0.6483864989454531,0
-0.29469115374910915,0.9431382980078028,0
0.24267980568413483,-0.15580474370081182,1
1.649278802375259,-0.268414290280293,1
1.001229278972322,-0.4997390159354495,1
0.014661599706411703,0.3207042317796446,1
0.7210676974741423,0.6750898818380442,0
-0.6695289501937849,0.750084796243792,0
1.71051306163039,-0.21409269379255677,1
0.09126177198096883,0.05764944628295386,1
1.7987239239577373,-0.11877672111938013,1
0.6641945635789922,0.7409583757099191,0
1.0962659854835624,-0.48945645233851054,1
-0.4159957146413773,0.9198971570303512,0
0.9643421998413834,0.22403418830073898,0
-0.33664912703683325,0.9568203833530382,0
1.3393724182796634,-0.45231077452607843,1
-0.9960889431509858,0.19432689123598873,0
1.5327393299807528,-0.35054974983214643,1
0.8511875107151587,0.5203967187800728,0
0.9978051314754242,-0.5032337859229141,1
0.8722102074797021,-0.5057872716228791,1
0.9293581304438477,0.44542307303751255,0
-0.7132925974980613,0.7285420098342412,0
-0.3982627110490593,0.9182058439482876,0
1.7945983291304697,-0.12066214207851474,1
1.2240703732464782,-0.47618496340597366,1
1.9504036960475724,0.14156233410126792,1
-0.927555057518119,0.37405991828940033,0
0.870671687284294,0.4961928230095409,0
-0.7172302213709175,0.6971706355389777,0
0.7711640895943467,-0.47305434383985906,1
0.4973695526189611,0.877200152063191,0
0.31336933475819956,0.9463249834278806,0
-0.317041698826853,0.9439676016862674,0
0.3892215728162239,-0.31315880198605667,1
-0.18351475231476355,0.9781006759324739,0
0.2858688668588056,-0.18321083468067234,1
-0.21274863285120643,0.9904489177247493,0
0.17606155634086565,-0.08030680594636812,1
0.8821029095484834,0.44302848492563396,0
0.3675726465417892,-0.30440655379220766,1
-0.8686728885708644,0.48316750193278957,0
0.11956844041126141,-0.005348245894970736,1
1.5509933524680228,-0.35307196459577495,1
0.09869859646980886,0.08375653921504501,1
-0.7354227673392963,0.6663354810181029,0
-0.8075235281478681,0.5801272325962453,0
0.37984101894933364,-0.26955987978327206,1
1.1397265422156098,-0.4845701862743205,1
1.3648763969058804,-0.42971129032050953,1
-0.953436788152459,0.28108998571662075,0
-0.028744438403232105,1.0138432768788401,0
-0.34406883305084857,0.9362144657704211,0
1.2426850335758766,-0.4702446210748192,1
0.5548078860550436,-0.38329896295264754,1
-0.3544885403337398,0.9186634442646441,0
1.1942389271886393,-0.4723831823246813,1
-0.9844670718223678,0.1626430457607394,0
0.23739703747299037,-0.14984958338170093,1
0.7395350502322408,0.6506115014067977,0
-0.9576478020552482,0.2877616313713316,0
-0.12984191092562994,0.982992672815807,0
0.6478040251571022,0.7615438880398759,0
0.01582825251703741,0.365860846918979,1
2.020199117967665,0.3813340105287807,1
0.29219589662542594,0.982730920632364,0
-0.8567993741964,0.5127717016144934,0
0.20206898695182995,-0.13311307938138203,1
0.9438065286490197,0.34840668407417663,0
-0.9821820008641693,0.2265378975288768,0
1.3699037797991673,-0.41631529046174093,1
-1.0046136553852278,0.06576972802022293,0
-0.4169746271096885,0.9035724968823499,0
-0.4469420178228274,0.8806558191432342,0
0.09657760245885993,0.9996822047443998,0
0.0560890226453979,1.0135984737305248,0
-0.8740611636062433,0.4797012846750939,0
-0.6962274941451628,0.7044773821507642,0
0.37762493889704296,-0.29360031159299027,1
0.021799915855779683,0.42247377955455784,1
0.8637192591240749,0.49437670056882194,0
1.9908507515343594,0.45995235644425053,1
1.3635641449955394,-0.4063188113657537,1
-0.6917159962613325,0.7085333044511192,0
0.6480867305882088,-0.4249191606156116,1
1.500038397526128,-0.37854641768870406,1
0.9063361258357566,0.4099739078468225,0
-0.4116093926759183,0.9122226445620231,0
0.02454974935534473,0.9941009764664838,0
1.52742230948896,-0.35169124604290813,1
-0.8980011057458288,0.42202331385437736,0
1.7412103591277241,-0.183664367544556,1
0.2261620370028421,-0.16201795989151324,1
1.7448718376635752,-0.17480715885412068,1
-0.016172179635716957,0.9946719701777068,0
-0.32890152503500686,0.9484201550399555,0
1.709179680829982,-0.20659045616606012,1
0.8508618768611673,0.5271790469391693,0
0.7835492282890701,0.6215583614862992,0
0.9952231257681359,0.09584990283684285,0
0.24086275013993963,-0.15416552117395177,1
0.9828080314607148,0.1121746546474193,0
0.2806306595325731,-0.21087797416827753,1
0.1089259593182174,0.9994112019118474,0
0.04558321434800399,0.17934417828735622,1
0.39028893609189896,0.9079669449319887,0
-0.987332029036274,0.05243573012308576,0
-0.6353131668961665,0.7610642627805843,0
1.4422750363125296,-0.39994651850220586,1
0.10400291656448836,0.06737287821486002,1
2.0034152063294823,0.47616533748467876,1
0.5525677823235734,0.8449516599663491,0
1.6615431947475863,-0.2682522385627437,1
0.3339550772429456,-0.23099776320038728,1
0.676889579102482,0.7264168320746763,0
0.9645106637627976,0.23354311637508376,0
-0.7937065610937827,0.6046441093516957,0
0.9867931228612691,0.22680005804888947,0
1.008813270502113,-0.4887083765141303,1
1.888820533730034,0.04767450633122712,1
0.6358825459489164,0.7656319444247981,0
0.21646296408619195,0.9789772912288283,0
0.9396953755702897,-0.49978074224419156,1
-0.8516958631932555,0.5469606725095494,0
1.6710800682360132,-0.25659173849048306,1
0.2675979254790206,-0.15738352117947138,1
-0.0858146795423835,0.9992552773236189,0
0.9881613570429325,0.12130533078561243,0
-0.35195545892140556,0.9430050737977123,0
1.7931189403570478,-0.12411912266800856,1
0.7208774160766723,0.6861201889270033,0
0.9659842424647355,0.3384376709690518,0
0.3835661978128544,0.9376573669105246,0
1.7458366959430747,-0.15200121284096343,1
1.0529904266020247,-0.48633195639200116,1
-0.0073087857760429625,0.39378036577202086,1
0.6956226068952114,0.6950187990711342,0
-0.5518788015120206,0.8284703212907465,0
0.945938967789327,0.29104031906102124,0
0.3405619813632989,-0.25247553232421477,1
0.03749756370841302,0.2446450931176095,1
-1.0057002812606721,-0.005385437349363786,0
-0.9661348695414993,0.18622817460370006,0
-0.9447795182479424,0.2995635270889112,0
0.8971333771021589,0.44335160365874005,0
-0.1214727412196539,0.9860251656305246,0
0.5521270854774232,-0.38950273291916127,1
1.4808581189546914,-0.39280750781763724,1
-0.8515576483733245,0.5256921039950985,0
1.6899875388164025,-0.21749083875814074,1
0.2781620152631766,-0.19729973336605675,1
1.1529900632243548,-0.49031486099804306,1
2.0087497301785833,0.4888250187416132,1
0.6022146950419464,-0.39891336051365983,1
0.8003898638207675,0.6087216087740002,0
1.9516604328013498,0.18458591704316374,1
1.8574916144037825,-0.017474142665494796,1
1.237284279651477,-0.4725545737755452,1
0.9371211503111669,-0.4933697045742622,1
0.10868705887263463,0.0796913660879313,1
0.34703000056853095,0.9489151943106974,0
0.13510271706247284,-0.009534373063777045,1
1.6215623270387143,-0.2930774841222466,1
-0.04578359486607092,1.002562332830162,0
-0.8935699695501182,0.4438775077445143,0
0.39614528246073455,0.9244269406484035,0
-0.8165588756777845,0.5688669781622865,0
0.0035404300783074515,0.3896723438032724,1
1.5182122207561102,-0.3675215504488612,1
0.9421212364579751,0.28745975778334953,0
-0.9845942146705686,0.07876445448475906,0
1.076747711651218,-0.5008835447894314,1
0.7236802181731663,0.6598815933017486,0
0.6628483442807681,0.7388791901879916,0
0.07539278815495574,0.09515894905066896,1
1.2368566461085446,-0.4748537937682578,1
0.8916036126249494,0.4452844759281397,0
0.09533185090655154,0.10949875209912144,1
1.1627975694751287,-0.4895051094786904,1
-0.932340219674756,0.3864926578870293,0
0.8043239295661948,-0.47357437819824283,1
0.20500090245475433,-0.10158239262909752,1
1.9991836111427783,0.46790223703040207,1
-0.36344519537476,0.9360270730774825,0
0.6137235884308887,-0.4090083824039646,1
1.1271192174113192,-0.5066637033484945,1
0.9104073013091851,0.43085918454810657,0
-0.5782280644359465,0.8317259243637706,0
1.5387425751344792,-0.3150173168441789,1
0.013096284686552957,0.31389078486914346,1
0.6721145324620882,-0.43377569407582717,1
0.05347768690636255,0.9846594864532083,0
0.9976843649736663,0.16736813636554088,0
0.7619751198670331,-0.46335469758976916,1
0.4760604902284201,0.8860627212017784,0
-0.0045014390611437674,0.5130853368495797,1
0.07955779539194414,0.9927512227932385,0
1.8332796282582027,-0.06763757472415403,1
-0.9271898219571755,0.3444773380171106,0
0.7578060741137546,0.6465186377839715,0
1.6244244225175308,-0.2767436288441025,1
1.4704680168749933,-0.37656625935171073,1
1.9950835775304916,0.48908641726994545,1
-1.0022804293897136,0.11103923476702784,0
1.7743076067891599,-0.1518677007619509,1
0.6940033578144996,0.7409503820433377,0
1.984871478198382,0.376399166139216,1
0.756524338814539,0.6266456872931265,0
1.4949770036549281,-0.369524788571946,1
-0.9597868259836783,0.33571005731672016,0
1.9086692481051952,0.10525797576482904,1
1.022617013270092,-0.4912323379090739,1
-0.5962538670680295,0.8222192334754626,0
1.7153725834714655,-0.2097921950717119,1
0.3443285351639838,-0.24742599395538822,1
0.024311647996832348,0.2928782612950297,1
-0.8559745952595382,0.47809389949847414,0
0.8139920775480743,0.5931549755068616,0
0.25452182647875593,-0.19233603087149972,1
0.4899335042114253,0.8801767581949913,0
1.6640923310101157,-0.22558333858674567,1
0.9702018219611326,0.26256836747154166,0
0.9587022669167276,0.2552082432060843,0
0.5337494578670352,-0.3749376984848369,1
0.6752951255373035,-0.436570493050071,1
0.5655883682258351,-0.4084658815441303,1
1.8499344528796133,-0.0671956283673645,1
1.4461225335037495,-0.39654441605375923,1
-0.8399408204468944,0.5750670817641956,0
1.9613563959939342,0.29147709952597356,1
-0.8859307092706132,0.50686652499976,0
0.5907442737981407,-0.40918566107636,1
1.6655740792265434,-0.23524259446337023,1
0.6035419069614031,-0.4273359570536981,1
0.9835330245010846,-0.508692363935508,1
0.2691015370973077,0.9637122232837353,0
0.9271958777115784,0.39764962728535747,0
2.0055762177908236,0.41787294950516873,1
0.8413224111826152,0.5587735945193515,0
0.5359121402492123,-0.36474781693746117,1
0.4452451985069931,-0.3356155503122082,1
1.8039570752516718,-0.10713456057803275,1
1.8250825693085364,-0.04852017245607,1
-0.35205214411788605,0.9267615528311659,0
-0.9545506104894089,0.2754942934541971,0
1.558332278086652,-0.3497275233050148,1
0.13396144098790716,0.9876291373494388,0
-0.9850820755921216,0.0916033697615578,0
-0.515769114292477,0.8550037917721761,0
-0.6780831313072695,0.7386680444411471,0
-0.9001980904884733,0.41638101935909,0
0.9890712024327678,0.19421244499885867,0
1.9802892564671513,0.4328844035307026,1
1.9773216185772686,0.35932899419939857,1
-0.8460675200677416,0.4940422858649209,0
-0.9974002322346277,0.17760521662922857,0
0.8832878909996487,0.4787931040738306,0
-0.228724100535192,0.9722004097246603,0
1.0321162562889479,-0.5031803552438657,1
0.9568963303139977,0.2972148408164867,0
0.6281282009416567,0.7729101407831891,0
0.08212512728057865,0.9981425276252697,0
0.5313961715163195,0.8506609120912166,0
-0.3751883666170071,0.9344022641109492,0
0.19547641187269196,0.9778347943271518,0
-0.5572592462804651,0.8345918005380116,0
-0.9945386693323759,0.1084989841693353,0
-0.9750430295275095,0.2008477356194828,0
0.7770568205561807,0.6219703710687905,0
0.7353256396169584,-0.46215902436709594,1
0.9635446439959597,0.2521491256063338,0
0.6177042553749278,0.8023518760377588,0
1.0350611466940682,-0.5030270916058669,1
-0.9536298503145875,0.31062100635337386,0
1.074951172054837,-0.5073586214757216,1
1.8217535422132374,-0.03740219867168065,1
0.27608175561681964,-0.20801170246429163,1
1.99212981400226,0.424412240601959,1
1.4057012810245815,-0.42155330390158946,1
0.1301252187172927,0.04274060662315173,1
0.6939006384532113,-0.4633776706701623,1
0.9791935771536739,0.15254462554327458,0
1.2452085914085365,-0.4708334455878296,1
0.9195275749963707,-0.5028297377160915,1
1.0725497530722066,-0.5073988752011965,1
-0.8366211519991451,0.5418337342457749,0
0.05762543049862902,0.2366947195367613,1
0.3780619385066064,0.9395491829845906,0
0.6090832797957553,0.7844380502722571,0
-0.5415985024235307,0.8129933643041172,0
0.41046853995300203,0.8965514867545611,0
0.8922754081049628,0.46727823525723944,0
0.7871447050996094,-0.4782802963540254,1
0.5241349188071197,0.8612214886104514,0
-0.9275416506944241,0.3371942318709192,0
0.9871545916444928,0.15654394514496703,0
1.7655894967026338,-0.13464423574494533,1
0.471380161540463,0.8865949840011058,0
0.48745897016136425,-0.36329425494633333,1
0.3454150591618336,0.9458069560368657,0
1.969389264037419,0.24250780878596392,1
0.6684144242817095,0.7402393795464142,0
0.7698867591847317,0.6308494350970278,0
0.07117299901038297,0.13029734013303926,1
-0.4689069218343971,0.8701827034650845,0
0.8333396887596858,0.5410656346364779,0
0.83358526767316,0.5178446325654665,0
0.6414266597008226,0.7603680556658123,0
0.043368436234539995,0.20976264219139334,1
0.18934223069678266,-0.07136018066641425,1
0.14264816200179462,0.9838487409909702,0
1.6974981097676662,-0.20117287984392776,1
1.974800410952003,0.2847482068355941,1
0.19876628004623303,-0.09915024817623905,1
1.9703740891294355,0.3772933733406367,1
1.1253542321378376,-0.4806136525657556,1
0.44907726559803307,0.8961782866841552,0
0.9892523000605765,0.17778715140246742,0
0.3121352196432092,0.9577956932686064,0
0.9001834161380375,-0.4845329312471319,1
0.012917813832690554,0.3862487005776372,1
0.6752551719151729,-0.45874654386303504,1
-0.7015083567126673,0.7190262527278662,0
0.5425362431859576,-0.38460991113573,1
-0.9066498554677271,0.40906650735353894,0
0.7726347575039189,0.6378776414898017,0
1.8732592469399567,0.017350296221656254,1
0.8854728851664673,-0.5092768198357955,1
0.4415899827071931,-0.32484875762900073,1
-0.119442444000114,0.9994954903102227,0
0.16145444723124414,0.9820833427146892,0
1.3631407344160547,-0.43621633226877854,1
0.6468997075821629,-0.434413394044593,1
1.79772704291551,-0.08225858387755135,1
1.4589203459772475,-0.38340641345016896,1
0.7661309889075076,-0.4776755692017953,1
0.5638354416063373,-0.3928068574891521,1
0.9314049146227599,-0.5013484164869394,1
0.04506591092165177,0.9849773754620587,0
1.9894334684752009,0.2956301652571964,1
-0.42702649954330446,0.8981214450924903,0
-0.2650288406084357,0.9766379820324668,0
1.0055327870264368,0.09630452473797534,0
1.9087222792913854,0.10257840623008498,1
1.1217003979654758,-0.49173462667634554,1
-0.7873842509127038,0.6175663690435871,0
0.5061475264525946,0.8524875127795639,0
0.009703231977234912,0.4047555962808273,1
-0.5327231627461723,0.8517621980738508,0
-0.3124449203737062,0.9493074117211322,0
0.7917153340809916,-0.4744552585164789,1
0.3854006020733875,-0.2900952837420274,1
0.043988566488297694,0.20185205480309412,1
0.987391911142005,0.16743562226382255,0
0.9930958069331248,0.03889596143667948,0
-0.39944432556271736,0.9275695127916719,0
1.3856244232253763,-0.4205379151339252,1
0.7922150799802103,0.6115582340453151,0
0.45668719564175586,-0.35095383631720184,1
-0.9780721389120866,0.13121168370269853,0
0.9675628573100266,0.2635897309898861,0
0.34918304793747856,-0.2892135626090513,1
1.716718165603413,-0.1726810853126033,1
1.9865306981068536,0.31975996245581645,1
1.9954074869384848,0.3662609512340291,1
0.27124469638282334,0.9517383726214754,0
0.8132335254291546,0.5945905456926341,0
1.1075438775500728,-0.4932457159060791,1
1.8370316176817936,-0.048152383258071536,1
0.9650656306315746,0.24512632468947443,0
-0.9949522754469536,0.08280473415320198,0
0.9598366948116551,0.28597191722669285,0
0.7852969846307954,0.6414714102594752,0
1.937992022176971,0.18096497520900015,1
1.0033754875377776,0.07107034305449812,0
0.9958572164572612,0.02713593845632547,0
-0.8947229045180207,0.444295203185597,0
0.6478849183868387,-0.43837532686043496,1
1.952931804169153,0.206451120113523,1
0.9819551999517634,0.08748931057005081,0
1.996629237874718,0.47417531999386303,1
-0.11254180558525947,0.9888735687226863,0
-0.799351290557265,0.6011164160062111,0
1.0232357724193453,0.05953259001238252,0
-0.9041240196769836,0.4488408948989643,0
1.984974051213027,0.3540322848792568,1
0.1524583294386881,0.9840169455272452,0
-1.0025133468754353,0.07479042234175899,0
0.22518002030809803,-0.12666599751197558,1
0.07288598490002042,0.06883758532505771,1
0.09268286685021201,1.0039648916727928,0
-0.897219910512483,0.4386381159041981,0
0.7958651322833372,0.5877097907101116,0
1.6830715550973245,-0.21044777351820765,1
-0.20444323800468434,0.9877095495618113,0
1.840259364684998,-0.03095322292990431,1
1.4987584077910654,-0.361826032276915,1
1.933724527154817,0.14642343450958453,1
1.0005652040368382,0.1213080793111857,0
0.9941806973323493,0.1818526283261553,0
1.8176529406519817,-0.07588839136841902,1
0.31837483486072543,-0.23937282263840448,1
-0.9842681743278097,0.12184210925226623,0
-0.09018282927182483,0.9958329129603527,0
0.5774815432716669,-0.40145765703377845,1
0.5774303888536345,0.8200263059765271,0
1.0059743441965532,0.018299304017117286,0
0.47563093759516667,-0.35877750371139533,1
0.7312101942568877,0.6790865675584395,0
-0.18136848540633466,0.9984650745371227,0
0.35707498784516045,0.921421213509853,0
0.02590513261343895,0.30538647916780215,1
0.5672300979865038,-0.40818093442572245,1
-0.613361211529266,0.7867844407812695,0
0.2717218285821111,-0.20422587416975124,1
0.10001163729541751,0.07387498206649176,1
1.7497370781091452,-0.18048362489490244,1
1.1909715313073383,-0.4691595081066646,1
1.974644643505531,0.29596745195505064,1
0.32964067243692363,-0.23749527803336712,1
1.1673689972187868,-0.49246685663589546,1
0.19015407338564158,-0.05054729716690071,1
0.34194848839797626,-0.23644626857894782,1
0.18000974447168697,-0.06480821430842125,1
1.048500908947036,-0.5048888144596985,1
0.09594222930792304,0.10997689547731603,1
-0.9603162024693213,0.26491580955467475,0
0.7259652161337974,-0.4467121733979149,1
-1.0136146956706409,0.07074032235849308,0
-0.8361093877646419,0.5613037204420287,0
0.007017085992116933,0.4081284626254657,1
0.03756097879904322,0.3223843624355568,1
1.9986644677579688,0.348596162606673,1
-0.9606889087964239,0.24638176097515732,0
-0.7584727408948282,0.6372044117196844,0
2.0095003576212176,0.33597177253897964,1
1.1118139648074554,-0.487040197504344,1
0.05281528984383525,0.22663473452268948,1
0.5107445023347338,-0.3700847707606211,1
0.5212592603482812,-0.3794449487757802,1
0.9904003721009894,0.10866453217075743,0
-0.5211515975571467,0.8387147313379283,0
1.9927106406144008,0.325893818544616,1
0.0020921123991264243,0.44419715487513006,1
-0.7845556152122483,0.6374983916200611,0
1.8810512679682916,0.01307835013515131,1
1.0972975513226626,-0.48903491730128884,1
1.6538991453369296,-0.2563977364203347,1
-0.28405692758967255,0.9661795719861227,0
0.283096138433484,-0.19249939573759386,1
0.27260418795670865,-0.19347487370738484,1
0.9576636930817835,-0.4825439321088304,1
0.008206175984929964,0.46802944813203645,1
0.5275871761739641,0.8496262241039781,0
-1.001135894234545,0.04935417221985108,0
1.3317863063044295,-0.44725381187613505,1
-0.8218482710862177,0.5712371045060398,0
1.9041465273650833,0.07685001983786065,1
-0.988539872568754,0.19691065643384634,0
0.2066600448361872,-0.14042561914100787,1
1.7245805622504657,-0.171147810458515,1
1.800772650631432,-0.08353193000561474,1
0.7424555434034998,0.6715897858161669,0
0.9339144272868984,0.3085907632013739,0
1.957602747799825,0.21274431691748297,1
0.3713051644254124,-0.2764579952503011,1
0.3411475203590694,0.935430684011601,0
-0.04497294042329097,1.0031115377688522,0
-0.8854093124526049,0.44609566316943844,0
0.9295323953075324,-0.48709209160058925,1
0.004279559043611242,0.998974827887827,0
-0.38870242085763457,0.9389905827304138,0
0.13042104943382027,0.014116260696731948,1
0.5014121813698664,0.8699066241406302,0
0.6929569601630658,0.7138464110812929,0
1.876228619188098,0.06230047613491602,1
0.7027034104400481,-0.4400347981903154,1
-0.44292565966461217,0.9158332733862691,0
0.3053652260838927,-0.23194914355592125,1
0.024138549563880757,1.009840200726065,0
0.9706532293140224,0.2916982261851532,0
0.9442932417603503,0.37779126230125226,0
-0.008000817661839094,0.30040608280342374,1
-0.5469361716331248,0.8352396767080527,0
0.9114743532557628,0.4081743523928257,0
0.8169350095556214,0.5760001577698444,0
0.5303957960339241,0.8481588727599962,0
1.013438323180154,0.060558045948633774,0
0.33983598964942363,0.9245404311581336,0
0.18899400064837205,-0.08286266656919378,1
-0.7667858249933205,0.6260902085081134,0
0.6883360420056356,0.7255442913292434,0
-0.8546101828286007,0.5112262571658084,0
-0.5328592468209854,0.8599075617609003,0
0.12629562882241552,0.03679099089405405,1
0.3428065392595472,0.9417022462966325,0
0.03565251263572714,0.22252542681316198,1
0.9478657087290067,0.3165103464012828,0
0.903478991601881,0.4094742918823794,0
-0.8424310043979677,0.4957859117087724,0
0.6839287633688873,-0.46026926599523726,1
0.7766800326824435,0.6092832020435097,0
0.6841587460055372,0.7416369316262204,0
0.03096837934418433,1.006695772852641,0
0.6340130643822266,0.7639527494422285,0
0.34905197658227505,-0.24883574641182787,1
0.9324763304493995,0.330667658376232,0
0.6098421586535949,-0.4120308502871189,1
0.7465150465770929,0.6663702942974081,0
0.4148535651741463,-0.30410711509756905,1
0.9950329333115036,-0.48920740250634587,1
-0.8897427918428876,0.45053475407156646,0
0.09266407397397963,0.0643660379462109,1
0.9307413502407794,0.3412601435911044,0
0.9107800121470885,0.42294766433647696,0
1.9898601071905067,0.3942067964562338,1
0.5324179633580602,-0.39439833147938624,1
1.9692591725256525,0.27341582861435476,1
0.36762094577259335,0.9156901073940584,0
0.5217206578516084,-0.3727451159071387,1
1.9052691313099421,0.061912477680745315,1
0.5910956026820272,-0.4087623412406726,1
1.0838340390168661,-0.49070464163810484,1
1.8763733347492046,-0.04717438919762447,1
-0.19277011820949183,0.9927102999246429,0
-1.0010208910836234,0.05272889017376813,0
0.7347314764807271,0.674793878479227,0
0.9674812598680963,0.08848640131653027,0
0.0003303065339523136,0.358375883919319,1
1.4004152533604608,-0.42829675244555593,1
0.008782066730599229,0.4418780517817458,1
0.0752181301013456,0.09035761228347346,1
1.986072896428695,0.39980132792191475,1
1.1465928293073098,-0.4956299320880561,1
0.07730267945610583,0.10714910173390191,1
1.1273521588560318,-0.48762502963075,1
0.5232352354382221,0.8543022658510985,0
-0.932935644495991,0.3613992649836452,0
0.22270791767845713,-0.1672678109272048,1
0.16596219700715967,0.9738315984511526,0
1.4417714872233818,-0.39145429987217173,1
-0.937527153712349,0.3301606407607674,0
0.6263745607797409,0.7895166235949801,0
-0.6975483359217921,0.7257908011305234,0
1.650007959634228,-0.2566952091563797,1
1.400537214999232,-0.4222961739195757,1
-0.02258404163526541,1.0084989766718744,0
1.8707474472575076,0.01476511136242545,1
-0.9917593071286499,0.16964691564845272,0
0.19754750659111125,0.9571962737956459,0
-0.10073024095901824,1.007932512994227,0
0.28984410943945116,0.9461508713298996,0
1.5799414867432566,-0.3133321927238808,1
-0.9900684969603201,0.11069668639768673,0
0.1405492262583916,0.9799579146273137,0
0.9650803042690655,-0.4902916903973127,1
0.6084253366705509,-0.42411120311560724,1
1.2945423307102193,-0.4607304051179944,1
0.7886405311784472,-0.4659891926538144,1
1.001975779368845,0.08801686878881565,0
0.8298717857311386,0.545603748703652,0
1.8140339639210352,-0.07434340991708487,1
0.35226133658465214,-0.2321202623202538,1
0.7800779488022951,-0.48250445528324115,1
1.2713563566948984,-0.45599472518962403,1
0.624992987572284,0.7637522769673527,0
0.1618829884923472,0.9858995065056224,0
-0.6802150957409033,0.7176918751028525,0
0.9844274240254165,0.17977852040225425,0
0.9330517387574514,-0.49841497080300984,1
0.5950881616085508,0.8282688204210322,0
0.07049944969456053,1.0025813240777754,0
-0.42857218654300544,0.8993653673421766,0
-0.9780523549315868,0.12217740314792766,0
0.38295150128310906,0.939916197308631,0
0.821449720565298,-0.5045396457278576,1
-0.8094826597484188,0.5902754775947325,0
-0.9981238238608274,0.034204728135794185,0
1.2210277151948754,-0.47656349997482256,1
0.11029533614460392,0.046154959991287374,1
0.980669477445287,0.14849440789749999,0
1.3406745233047859,-0.4407489793262267,1
1.5567116013905835,-0.32457428772561187,1
0.9004684330046889,-0.524796783384464,1
1.8956368355213307,0.027643295127048148,1
0.08258307823111198,1.0041075594877638,0
0.817972573193236,0.5707153777081234,0
1.888949915413266,0.04551322016377125,1
-0.9085143419888286,0.44187674940476523,0
0.9482021471829444,0.30711876633596596,0
0.784241991137268,0.5943236726068798,0
0.04392559183552329,1.0107834095325794,0
-0.5014412635111181,0.8663322508855098,0
-0.4526331643855163,0.8722375242206906,0
-0.5866021958865743,0.8177114679638899,0
-0.8358665326604809,0.5603280553162391,0
1.407167063294681,-0.4065818940401359,1
0.20333397750171464,-0.1001038343069836,1
0.5050762548284602,0.8646871303187956,0
0.017808847843089757,0.41708659407865717,1
0.42240412225638707,-0.32222840137987424,1
-0.16047060352786463,0.9768460287186745,0
0.4778447489576666,-0.36320863166842754,1
1.8356431068320564,-0.026950604881748465,1
1.872206648066501,0.011144866661559267,1
-0.39801901102359016,0.9033282931281841,0
2.0134006915437426,0.46529276596581226,1
1.9608473645525806,0.2491859019010919,1
-0.14205643257600686,0.977679811214512,0
-0.8438265600621476,0.5477553781549273,0
-0.5082181585403404,0.8528073539877611,0
0.11185542260915174,0.06615272319595634,1
0.7310715593408036,-0.4653432297622343,1
0.37630560039036764,0.9327754339111526,0
0.17016898305001252,-0.07929974800234521,1
0.9587037197306755,0.3117578766054985,0
-0.8829174199313519,0.4724952734309636,0
0.7532681123935323,-0.4469537162212346,1
-0.9785509647345754,0.14554152562353143,0
0.1460498133362228,-0.024241278830644995,1
0.07299995456493963,0.1170429386038999,1
0.23600022919260755,-0.13055674870117412,1
0.9846222453877962,0.049243294576966884,0
1.6840339046906891,-0.23862756579765132,1
1.7687761776121629,-0.12949075069042007,1
1.9997449926640638,0.4197207438239232,1
0.3678542067283509,-0.2643032594699122,1
0.9888592982468996,0.13540762848908436,0
0.000877520429375532,0.47238140266883427,1
1.4033541256620625,-0.4168840470062511,1
0.8959598760485765,0.4141410731710462,0
1.9625150439687573,0.20181609501741932,1
1.4585595189168608,-0.39634017717314757,1
1.9821213886751843,0.2795696012533585,1
-0.3503638285197767,0.9602801831395639,0
0.7186193650546719,0.6978083724290995,0
0.41283064106554124,0.9264065353674629,0
0.2319489778380524,-0.17194315948846622,1
0.2702319891339405,-0.16867315984392386,1
0.9671517145802327,0.2568489814145514,0
-0.9479072401806169,0.29847952143134,0
-0.9761016107413978,0.2775950908877865,0
0.45952268643611377,0.8890401136976259,0
1.4243804871834398,-0.4041867496835025,1
-0.5215744830696182,0.8726876437531925,0
-0.8037553428774402,0.5753243196007427,0
0.7841641218716581,0.6134941743127371,0
0.5584179306899804,-0.39495943271278294,1
0.09720486230253819,1.0049844169005893,0
-0.9864919700313474,0.18498350898791488,0
1.9685061956687442,0.25409763475141117,1
1.2620056599944567,-0.46203139223036566,1
0.6433857113247807,0.7695211027913755,0
1.9608024837032307,0.18678059447761838,1
1.660904127292255,-0.2479453727627223,1
-0.33051197090080114,0.943786500537407,0
1.6332616341007475,-0.295419502225115,1
-0.9463042592327259,0.32725067716623557,0
0.9907951783833588,0.12860916319221755,0
-0.23598832929634336,0.9802584786636708,0
-0.2672870626550773,0.9563158149044089,0
0.9041592410625653,0.4470076154937954,0
-0.7503754464687958,0.6364892685210619,0
0.7923613782937274,0.6033906342856762,0
1.8274173337280892,-0.05132222402991263,1
0.8743048365045791,0.42696236842360896,0
1.8720454200279695,0.029329127355581238,1
0.9083045427863409,0.37829985100565217,0
0.050127876495417986,0.18571244947831975,1
0.8774033675294658,0.4957500148517611,0
-0.05286381914289872,1.0127560190013007,0
0.9930220650896672,0.02968498946296047,0
-0.915639623912648,0.3921549684109832,0
1.335233579454185,-0.42812350662256243,1
1.813879995929067,-0.1043087779555461,1
1.8020265603462775,-0.10355546985847666,1
1.9729733843881783,0.26027420328424694,1
0.6659615173189539,-0.43758080424303014,1
1.6297918026777185,-0.25746190629999466,1
-0.07695296377538743,0.9977362925034777,0
-0.26449208729173984,0.9749065327146137,0
-0.7533196323722814,0.6448675864366251,0
-0.2981779417079584,0.9540196388459219,0
0.12686208220218445,1.003369215786272,0
1.8794462911879584,0.018827211599981054,1
0.8756418207822316,-0.4886641187248474,1
-1.0026058348737519,0.11783917950978486,0
0.4598037705917511,-0.35524921542756516,1
0.9228716370362321,0.37096056579321957,0
1.88185214523761,0.03762235105952118,1
0.070178530262174,0.08919628820791488,1
0.30371564755967173,-0.20407402082996554,1
-0.8490952761269883,0.5362720783554911,0
-0.003084275182617663,0.39601965226230246,1
0.6853580426377369,0.7189589314308273,0
0.12895801845911203,0.9891003507477847,0
-0.7159439644559573,0.6763942208656085,0
1.9469870750857696,0.1801936186596928,1
1.332550347180565,-0.44264745812463596,1
1.1232318024783738,-0.5012872538846556,1
0.17548781326639717,-0.05100769511014945,1
0.49740266840589065,0.870633166334276,0
0.00977625205824679,0.37805628932981866,1
-0.7713993949252524,0.6384688076347629,0
0.10050535310326403,0.9937892062440984,0
1.5320255088652495,-0.36214879193354316,1
-0.2997402705738912,0.9502484964161688,0
-0.7962220436087665,0.6045585921343283,0
0.9802494090657166,0.05380294005688557,0
0.004687535421833815,0.4637426185566817,1
0.3492499766204279,0.9238193295844955,0
0.24151268759012468,-0.1436349995224568,1
-0.12861828787206145,1.0085937428859655,0
0.9758716819859998,-0.491104986323804,1
0.20811546632895223,0.978754999006179,0
-0.8315305673976056,0.5561737075701011,0
0.07024087069431202,0.14798850331656938,1
0.02415425895101956,0.2209799413764785,1
1.972636114951292,0.34178720302652355,1
-0.8436844684531757,0.539022184592722,0
1.9248446253066736,0.14007379763860284,1
1.3897014498714575,-0.4260636909150663,1
-0.9930731815802262,0.05364208562431893,0
0.9479376280163447,-0.4919364625663011,1
-0.6718785216840648,0.7507853555354971,0
0.8002913188957307,0.598122595075888,0
-0.9647703008850605,0.26336328430916345,0
1.681952424263226,-0.21692963203032717,1
1.06643519573788,-0.5091263389921811,1
-0.7702717889715782,0.6360743484492571,0
-0.9971576853703574,0.03653156242577513,0
0.7419620658741422,0.6486127903691034,0
0.007759559448228788,0.4092031885781063,1
1.2518819730172075,-0.47806649816865127,1
0.7816709513688767,-0.4770484708224253,1
0.7420673873408696,0.6862138679138736,0
0.003491467058957128,0.46630102288376835,1
-0.7282874397904567,0.6879778018647073,0
1.162657992414228,-0.49687480914585275,1
0.957698105195111,0.3264644860414794,0
1.2361106956016632,-0.4719450004731877,1
0.13638616702802173,-0.0019532493542330862,1
-0.9789224492437575,0.1009343373814128,0
-0.5971726539811163,0.802394521472774,0
0.1482414170113754,-0.019652032390705666,1
0.2452319350850558,-0.17391520994260126,1
1.5153031715713863,-0.3452406365158101,1
0.49464343571553837,0.8619389108815304,0
-0.10692327889896755,0.9888968784473015,0
0.7800488332463082,-0.4799043189207084,1
0.808243252969195,-0.4846764037546243,1
-0.2762134649758281,0.9753808088770087,0
0.02678976516180164,0.9984124771024414,0
0.7806551176940804,0.6224532799833356,0
0.6317096148518373,-0.4385717963878684,1
1.634490894449289,-0.2550607068747984,1
0.1038046287085894,0.03467934349827678,1
0.6430627121987159,0.7551382370496651,0
1.9219233381277065,0.13068667157364153,1
1.4352615604958119,-0.39787715733422163,1
-0.3052260604383057,0.9480263562581902,0
0.029560745062145656,0.2811647371980955,1
-0.8673520606615965,0.5001945753963782,0
0.02131404148719953,0.28354613410108986,1
0.5209268287617411,-0.3760414598051973,1
0.6189792319198074,0.7962528571248716,0
0.049417229386861765,0.15882069509626248,1
0.6125400468872172,0.7992242987916622,0
0.014993144229701787,1.0109773137541673,0
-0.8747844935879678,0.4868985773263797,0
0.2788948721162227,0.9311947204663945,0
1.7593276571741585,-0.1501959182372065,1
1.9203457652561433,0.133814798751509,1
0.6622708461414225,0.7460598439969879,0
0.24348820089263168,-0.1570691135869387,1
0.5566418993633587,-0.36676791655333413,1
1.8082943827991365,-0.06808675971440883,1
-0.07259860525259834,0.994468848212043,0
1.0084687787765012,0.15067222911631584,0
1.897048076369457,0.062443550667552764,1
0.18655973357122696,-0.06307698170085514,1
0.7435116881811878,-0.4669943567436271,1
1.828847319264744,-0.0679252444553756,1
-0.5864794634926092,0.8206532993113002,0
0.045946231535913366,0.21482883847995374,1
0.8692790517823437,-0.48768914078904657,1
0.06606152285819213,1.0066125248423619,0
0.6729342483809395,0.7533200359265982,0
0.8373954406642726,0.5358260206065005,0
-0.9897432683294364,0.03114426517643754,0
-0.0005975954378786021,0.42798269954793333,1
-0.857568956552133,0.5198948256604043,0
-0.6378888569729458,0.7834892601842396,0
0.7245474888854696,0.6783300127305811,0
0.6272450666611089,0.7651015052940279,0
-0.4251834724939899,0.9046012154319176,0
0.016971660739208614,0.32722634989372434,1
-1.0021425400958641,0.03832400553175677,0
1.6392589692273385,-0.27321681153683897,1
0.6751361736968594,0.7416504427303883,0
1.9642313699412486,0.21359751476996297,1
-0.9877797136718995,0.1230624626330402,0
0.8899380534000196,0.4516055045153518,0
0.6354384170441062,0.7701545603306753,0
0.048084381782194284,0.21422506556018953,1
-0.9442579423510886,0.30195443556349644,0
0.40511363113368026,-0.3175970635945285,1
0.7516375540685472,-0.49112444404599404,1
-0.005792187394350803,0.31021854868265536,1
0.9912757163372563,0.11894202323418583,0
0.10815867974372378,0.052537571732164765,1
-0.8695374470266054,0.483807910526552,0
0.7152181145780709,0.7035836916375705,0
1.256107733053965,-0.47121684847284573,1
0.36365585922135624,-0.2700560908259932,1
0.9566523481544704,0.2551254427316755,0
-0.8865142913069454,0.47596623963764123,0
-0.9637633035617748,0.24514124927419598,0
1.9938351367100338,0.441613442695298,1
0.3658412564721365,-0.2645208035766546,1
0.9424851452045758,0.30619256858644783,0
-0.9284010308727823,0.3388589143534917,0
1.978068853136681,0.3792883861427554,1
1.9300032977611186,0.13586580732162912,1
0.9791832598899757,0.12524320875917416,0
0.625685952472702,-0.4341170852837085,1
0.45994415555740037,-0.3419825361636071,1
-0.4818058764316501,0.8721951941535422,0
0.3052343710919676,-0.22046452965393656,1
0.1790632755920328,0.9760777543467424,0
1.590761029857315,-0.3045266615725852,1
-0.7561182737778531,0.6689901145023964,0
0.08390446177596605,0.11580653465651933,1
1.553557475636974,-0.33163955784097715,1
0.9834568366264934,0.20670434302229526,0
1.8767877153756178,0.021974959261227577,1
-0.9429217514108331,0.3615587197170672,0
0.29303274784396094,-0.24535940542218937,1
0.004862215705523969,1.0123026040342353,0
1.768303208447182,-0.14488025516777508,1
0.005149480515535369,0.48281540697729736,1
0.720965085009113,0.6937054060827134,0
0.3477664010154181,-0.24357378598180915,1
1.865787276164968,-0.015561388842953897,1
1.8710284295885031,-0.0014340492144232259,1
0.734864614727324,-0.4564316638587193,1
-0.19730820523376943,0.9744318636531335,0
0.6610733610823017,-0.4604272967048598,1
-0.8736507934198076,0.4859110022824944,0
-0.008835277415304385,0.4662543817905796,1
-0.3164788767123169,0.936548220161592,0
1.3293273664973704,-0.456285176998757,1
0.9774992148434337,0.06808268303357538,0
1.0150705260178128,0.06068527286370067,0
-0.974008768918497,0.1744695535571128,0
-0.7874627297049609,0.6377997163595167,0
0.795158625110725,0.6088614806586964,0
0.5030961625357493,0.861424260271537,0
1.4980425483719169,-0.37524439597180276,1
1.5986999789800138,-0.3004865924742706,1
-0.8317252501729656,0.5055417893196573,0
-0.9811002580287308,0.25207060801838554,0
0.3921292991434002,-0.2727957606166721,1
-0.4181296974156021,0.9186455824341461,0
0.6637673863576723,0.7547585390224111,0
0.011724606153120494,0.36076395395437455,1
0.052857668496333526,1.0012343611598684,0
0.392874325397965,-0.30059405153902097,1
-0.8651294128281706,0.5310138806838708,0
0.31252564773788777,-0.22834201702093723,1
0.6571452011418458,-0.44627580328835786,1
0.7996602078013859,0.5749684397964209,0
1.6122780620128847,-0.2839013381403911,1
1.8111753706169196,-0.08526831080599902,1
0.21594256832303724,-0.11823176112170591,1
-0.3089296008378998,0.9511032404982329,0
1.8855442935333786,0.031857014689764915,1
0.5464963833777415,-0.38042282510622116,1
1.9113021976311275,0.0866014904666984,1
0.99817908117723,0.10328988760313801,0
-0.8722719828545759,0.5108636723407923,0
0.3790260090302875,0.92896390830857,0
-0.998853686414656,0.09317130402399981,0
1.7337134853398282,-0.20423302151662093,1
-0.6004731852356948,0.8060199774976526,0
0.9765946312618651,0.23294788653085677,0
0.30014954865184984,-0.20279757979616786,1
1.4753505875039428,-0.3759357456421364,1
1.0079129257303574,0.18530720040345275,0
-0.7981438425875597,0.5721971191584839,0
0.7204820808741201,0.7110644424116217,0
-0.5702827949963984,0.8342185283099091,0
-0.27220192943310073,0.9719088129286947,0
0.6732779780460565,-0.43751332037305796,1
2.010055170318415,0.4432408378226264,1
0.23637543880088827,-0.13127009232841735,1
-0.8572447165737699,0.49266752699369704,0
0.9131646040088686,0.4393061614297312,0
1.8404807840531408,-0.030433194369509593,1
0.1400871495359465,0.020682376911776407,1
0.8404851000554413,0.5175765210930282,0
0.9472292279639651,0.3479146443363536,0
0.1666090057964603,-0.044284713219907505,1
-0.22065370396489611,0.9641057042781248,0
-0.6378377726872424,0.7760425258921144,0
0.12442063947449404,0.9890916418510957,0
0.5206583347692303,0.8266516139462465,0
1.9830115557034644,0.4576741173028893,1
0.8721664156494465,-0.495898764083109,1
0.028265625983419446,0.2615844622672128,1
1.9978654673512628,0.4090857481547332,1
-0.6717512908214924,0.7481145513949606,0
0.36810880069619795,0.9238912116504715,0
0.13151287063232353,0.9882932281666512,0
0.10289854902437946,0.04383290815230237,1
0.049284941129366086,0.9956272394695499,0
1.515869280507579,-0.3602610523478693,1
1.7977499082440562,-0.1281927474518187,1
0.08993247871283792,0.0403365325234601,1
0.29902387361469424,-0.2228785532477474,1
-0.10257100824523921,0.9977046635501231,0
-0.734170440416536,0.710695205300806,0
-0.6146192436798844,0.7753802853883864,0
0.3027382389075222,0.953183198829454,0
1.5869495983289126,-0.3212671723675629,1
0.8391003396150589,0.5168775298222634,0
1.9555944212970091,0.19391238640795133,1
0.5828142360087986,0.8074532081446473,0
1.351340974429624,-0.42291125054085665,1
0.2825523950762932,-0.1987677148884229,1
-0.09397852727416116,0.9886624303846422,0
-0.19262746072865422,0.9778884027125065,0
0.7136316312228106,-0.4698597630487963,1
-0.7757268645236296,0.5905388621866711,0
1.8743105012852772,0.03985559349514905,1
1.9291614682840073,0.0717471607504588,1
0.291661045751918,-0.18453156826660655,1
0.7005574000263011,-0.4654722828303425,1
0.7842422441379001,-0.47291650304718447,1
0.8544738077231773,-0.503715544241689,1
1.1632570510226488,-0.4780483533594582,1
0.29329278758097255,0.956445568096221,0
-0.21790499030447089,0.9717658538869088,0
0.17369931674644018,0.9856572729937955,0
-0.6273648843457867,0.7779680798551936,0
0.30436997854487974,-0.22183060180646508,1
0.5956039812393481,0.8117456775412694,0
1.8972457186882243,0.06901870627383036,1
-0.6486376310068064,0.7511920679344499,0
0.4907326430155512,-0.370497272261307,1
0.08194784363755253,0.9846697160113737,0
1.9271563059534103,0.10970939200283751,1
0.012027638539519235,0.3760414028136462,1
0.013051230398584003,0.33544661955376354,1
-0.9183494919692469,0.36669404155111957,0
1.7559427073709466,-0.16422085454395435,1
0.8856336549528584,-0.5042567577959194,1
0.3430049860571066,0.9348803597136746,0
0.7210415134653535,-0.46138525951553505,1
0.3481085037350417,0.9383053956572426,0
0.037297088942651574,1.0111909893628603,0
1.6661884264847133,-0.21747778060067102,1
-0.5613692743399272,0.8229144559510121,0
-0.5957192471627392,0.7975068312737386,0
0.23039894896571453,0.9830766193356715,0
1.9868761933082488,0.31679810436217504,1
-0.0162017097666146,0.9828847505725706,0
1.00471386237303,0.12223561402545188,0
-0.7661078440306759,0.6462809589061976,0
1.0043280644604453,0.043667193984783026,0
-0.29819169836285075,0.9634328986932461,0
-1.0144913392785146,0.10592561702266609,0
-0.07201227912555543,0.9985108613056966,0
1.2860044162307593,-0.47485619998805073,1
0.8726256712105649,0.5020224192868407,0
0.5544208572189258,0.8351528216970182,0
-0.9930206592597232,0.1066531207938784,0
0.9561099568069772,0.2709764627075077,0
1.9119409883041139,0.047489000815803796,1
-0.9012016573307392,0.38094390618703067,0
0.5296280511680109,0.8426434114584236,0
-0.9730076597792515,0.14335037014605748,0
0.05700693161274298,0.2032255651206287,1
1.3152268911721574,-0.4304415751255528,1
0.7464581185768754,-0.4865380960317929,1
0.18171302045425833,0.9772780705421458,0
-0.3377721419682678,0.9545842377733993,0
1.9598576041220388,0.23148188898684086,1
0.5697133487778571,0.8319110428706538,0
-0.12507865216290148,0.982878703838746,0
0.061583336477875714,1.017401910019076,0
0.6965984087765107,0.724835078737022,0
0.9765942304790279,0.13267640609535192,0
1.7802464341217221,-0.10360495276050855,1
0.7557676615861982,0.6990902936247089,0
-0.5049973511067949,0.8641004904226744,0
-0.028791252408119077,1.0006172306271581,0
0.8989786483415768,0.4262525639412964,0
1.714583324251225,-0.19426230327654911,1
0.05970369683627876,0.12235952885179036,1
0.6551776166492914,-0.4471404474058183,1
0.8425782270613945,0.5374868030135348,0
-0.39668434363185573,0.9155125049438391,0
0.5972163615355618,0.7986043644089071,0
1.0845153381989439,-0.48786112644924257,1
-0.40988496825261816,0.9183830004536127,0
0.061008210177914295,0.13093304237030162,1
0.06368776967292761,0.13433762799107943,1
0.9970134017296819,-0.516046504766704,1
0.8293276275777473,-0.47955005295770337,1
1.418614413657269,-0.4003238940328503,1
1.3408687064195368,-0.44041192441423327,1
0.6777602291582339,0.7201598674224351,0
0.15833201705826844,0.006347379948999789,1
0.7932818619658842,-0.48101990584314175,1
1.6192074868855275,-0.2755561316236347,1
0.012435975319909823,0.49087244010942654,1
0.1728615252172294,0.97043755145421,0
1.3704666200932207,-0.4058798419412118,1
-0.8598245324318436,0.5068092634156848,0
1.7895870534780218,-0.09796383318505548,1
0.360763577098424,-0.26618045855964595,1
-0.9621181640130547,0.2995951966216328,0
-0.5699298679640716,0.8230581658124366,0
0.9786158728258437,0.2519945910561991,0
0.8779409577170418,-0.4958841195763854,1
0.9890686546871666,0.20513561949798237,0
1.5055035698803412,-0.3543387947018622,1
0.09707647528135181,0.9970575040333529,0
-0.09388602473537849,1.0138935767060444,0
0.8791841647925194,0.4716144055997189,0
-0.9737298679491306,0.013023839929508561,0
-0.6043829938069856,0.8016505381720321,0
0.2595528387810671,0.9719561593181448,0
1.8109543242960675,-0.10191564000598687,1
0.012329892604983433,0.3198520013245935,1
1.8259540096653013,-0.06587485747094808,1
1.7759140005374954,-0.1230352790345816,1
1.902613441942269,0.06558653937679358,1
1.953849616739487,0.2294485155920127,1
-0.10368512197635153,0.9965215286425477,0
0.5334187929643743,0.8413722102389846,0
0.4188343934069008,-0.33511478274923023,1
1.0135125480161395,0.0726937429579938,0
0.9356794488183965,0.3327629003899526,0
0.3080007695952766,0.9621883815475459,0
1.865213163780882,-0.019453341670094958,1
0.8294293350760938,0.5639078816760501,0
0.0162515270120676,0.2523253653374233,1
0.508023584556933,-0.3884920699244177,1
0.10897747482775416,0.04860365943428248,1
0.8668655112664615,-0.47242182596820176,1
1.422654433499411,-0.4059433790066743,1
-0.9223817082955571,0.38073769488221143,0
-0.1335844069534123,0.9866854363570065,0
0.6260074068916271,0.7771771249285301,0
0.07429520781162416,0.17904187901464755,1
1.4652815688282477,-0.37844020934381645,1
1.790540600593311,-0.12457297160772779,1
0.17123573302795414,-0.10932617901559881,1
0.548335789282746,0.8231031883254173,0
-0.697094639560871,0.7401444362820115,0
-0.9498279280294363,0.36204861521122217,0
-0.9291314003543157,0.3884994038091316,0
0.1356181439475983,-0.00766381381168997,1
1.3030122816108116,-0.460679431848194,1
0.04010086482348867,0.2398608333004707,1
-0.913807572649096,0.4009673267951947,0
0.28831627453421044,-0.1792667899923261,1
0.9385323892892158,0.3074128460904911,0
0.3148243813112963,0.9600390144299772,0
1.3710164396683118,-0.428207242180659,1
-0.3449924733492627,0.9644968998036425,0
0.02864381783943356,0.32895477904238946,1
1.1094608883298855,-0.4992835610573687,1
1.810675979571738,-0.07124004425851867,1
0.8743062078574622,0.4660413669341568,0
0.43753488367165794,0.9048751763376903,0
-0.661750350028058,0.7433851885781608,0
0.31079937615149505,-0.21521978278662085,1
1.0063753793335877,-0.5154979688532378,1
0.113424130948299,1.004381838728261,0
0.7684926985448809,0.6502944324267476,0
0.39165739807638966,-0.2876961503308644,1
0.03287719660950786,0.2669892070728642,1
-1.0006284156816296,0.02455226467390725,0
0.09683008547264005,0.015494488943662975,1
1.9019283297577811,0.08927965165603009,1
-0.8117689164136173,0.560245069342216,0
-0.7871646267983186,0.6338135182638122,0
-0.28353070730555185,0.9637572792911594,0
0.9532455033713784,0.25110456388020325,0
0.040611204548175205,0.17866745213697405,1
0.3086045919561931,-0.21691060187277822,1
0.0642477594393132,0.9930146319086992,0
-0.5329235712820082,0.8700540994791975,0
2.002877741037344,0.37876432500845225,1
0.9999904693683679,0.12571873092632296,0
0.07563765202441303,0.13191239183338652,1
0.39212298392402856,-0.2895561943738655,1
0.8768089605906881,-0.5058584676163265,1
1.26881224829911,-0.4752870293746281,1
-0.7736915593381459,0.6483102378320378,0
1.6694059264096937,-0.24685857746174994,1
1.9961308012981096,0.48895510447035084,1
2.0085655558216517,0.4582034958386589,1
1.457498852357966,-0.35206529423708693,1
-0.5847635203832203,0.8071797809784182,0
0.9741895853035695,-0.4876818527561053,1
0.713216196085057,0.6795647253808037,0
1.7878373317443836,-0.12453643467004676,1
0.8104560628955165,0.5964245344173807,0
0.5569086266603901,-0.3966958803738622,1
0.5654637345415691,-0.40469494183839105,1
-0.6637425268810654,0.7666236609699293,0
0.9749090270076771,0.19837434348113756,0
0.9836059212461499,0.019216727275461885,0
1.8165903094995641,-0.061746621012065184,1
1.9555433064394792,0.2760210467057878,1
0.997532468133447,-0.49265540189852747,1
0.5999276558655436,0.8081704126515378,0
0.13142600798411808,-0.02959678163581271,1
-0.48789658940553565,0.8786507543612433,0
-0.0047654314995955755,0.39676275993611776,1
0.015484471654389936,0.4359804946080283,1
0.11445099292219221,-0.006768952817493742,1
0.26080540026966603,-0.17364899074532325,1
-0.04347686105298562,0.9939821539791072,0
0.045055622446032645,1.0041499671246767,0
0.03903285192419512,0.18369969738711878,1
-0.9844914513270082,0.11411345217769976,0
0.3038579024535911,-0.20362772053493836,1
0.6044826072962116,-0.41641027108957795,1
0.42590715981703364,-0.3298494959522679,1
1.868216055940154,0.001964313330199729,1
0.005625469066749546,0.33182351473453586,1
1.9339048813190833,0.1252480873613874,1
0.22502621797722563,-0.11082238603517634,1
0.423154526076906,0.9073393789978336,0
0.10387459423829322,1.012344024538476,0
0.02072305263989806,0.40578517977148687,1
0.5152196257312334,-0.3774186692718696,1
0.05255866045622976,0.18728916819318028,1
0.4136845229212609,-0.3274413784206555,1
0.10687492061790892,0.0399103824867105,1
0.09336315879038667,0.9750269937878885,0
-0.20439182943191161,0.9598034421457523,0
0.9539914281401882,0.2904014094181047,0
-0.9084390852760041,0.3895437974528575,0
1.2546682713783863,-0.472371274112111,1
-0.9244834233261072,0.3515990929243407,0
0.019449170540388847,0.30072265375827933,1
0.1413750835971846,1.001788064638236,0
1.68669822098506,-0.21733814305960147,1
0.8432863098366721,-0.48034292702523557,1
0.833202282264684,0.5615965414887186,0
0.31927769677809864,-0.22966261894803963,1
0.8540811511494392,0.5129843198943205,0
0.9922406735788007,0.06489622170072776,0
0.13753954997648346,0.0257886698231751,1
0.026948642403347628,0.31167943377867297,1
-0.921513121328809,0.3962754315265014,0
1.0090756301902264,0.07767789825540587,0
0.00244412092814748,0.346310990937562,1
-0.2062422658505474,0.9874639153499103,0
0.9365052231460474,-0.4978932517054707,1
0.6557723843480575,-0.41859406349598555,1
1.0400394378299778,-0.49573356316557116,1
0.6289605934254481,0.765534678887022,0
-0.8993730491658318,0.457439265585646,0
1.918680351533631,0.1221108603246494,1
1.4492342979798494,-0.39789892272429855,1
0.5641401756108123,0.8225587336771247,0
-0.8490268118854468,0.5266481324180321,0
1.7726340680260078,-0.12098295146036502,1
1.5522679728761768,-0.32835083089474193,1
0.9620924039014771,0.2154208213505344,0
1.8116612096580427,-0.08873284583841025,1
1.98708130884078,0.4052251793145145,1
1.9957052999906073,0.38040395855173526,1
-0.8467843580120539,0.5259622027326314,0
-0.9919488506760719,0.14684480212849682,0
0.8487160984455673,-0.4757336975144446,1
1.191663268669154,-0.473284425596726,1
0.009305745145186083,0.43837635828137533,1
0.3373168784798967,-0.2331567828561966,1
0.3375200599100041,-0.2675157248909513,1
2.0221733201316354,0.4901765546366012,1
1.7028228513924757,-0.2223893024933682,1
1.8534781449452233,-0.04429451990057171,1
-0.1087648920286938,0.9779421204812428,0
0.713725856325644,0.7045481479406657,0
1.9035338978463692,0.08452527974171678,1
1.814291952384638,-0.07984419126174794,1
1.3526101381681526,-0.43589708591374343,1
0.25285721476180845,-0.1983204226758543,1
0.014938983724261235,0.3052381474819875,1
0.9681487475667702,0.16648145817747634,0
0.5065766673788221,0.8575084343259148,0
-0.07891666203772096,1.0030613759085119,0
1.9879885038893534,0.381045140469362,1
1.2717666823438725,-0.4431025351085438,1
0.1359997243068055,0.00018023724448220854,1
0.9916401867259881,0.04299070297338443,0
-0.8765610723917724,0.48693180683100684,0
-0.7139139001207474,0.716800192658358,0
-0.646724606863239,0.7590568260999407,0
-0.24808102188771014,0.9605693565681387,0
-0.23858609235846454,0.97686925036148,0
-0.1589256809366721,0.9718403748498285,0
-0.40580558011837453,0.9124808291981568,0
0.38657610796106046,-0.2897561495687538,1
-0.6018912712664062,0.7828284304182991,0
0.012332060576246522,0.41141419626629555,1
2.0010831884580695,0.45188507571909353,1
0.8215609734554679,0.5442827615377445,0
0.025185058591014498,0.2910607808446418,1
1.4618686840844364,-0.3894173634397378,1
-0.7786287135111999,0.6139630248430346,0
0.004328644818500371,0.42594038471619317,1
0.9959538564636206,0.06210761536759837,0
-0.7946878286600458,0.6466121602464577,0
1.6620761910646347,-0.24654846213671106,1
1.3775562609150305,-0.42615180354214416,1
0.5284482521567404,-0.3786905506044974,1
2.0144925259733304,0.3540306406364922,1
0.5897558323720136,-0.4148062282614407,1
0.021085478723184236,0.43638433012062366,1
0.09011925901563803,0.08428832687476114,1
-0.7533224651592988,0.6574597151703727,0
-0.6557660485278844,0.7425228795802586,0
1.0006245996236371,0.09087185390196942,0
0.7908008040246752,0.6100339009330609,0
0.14712824269354305,-0.029572826637336576,1
1.5299903277353941,-0.3272218668828101,1
-0.953295708529651,0.33020298607808424,0
-0.004934121629943526,0.4430935327275636,1
0.918449724661565,-0.5080509014962193,1
0.9942501145629906,0.17084597822148434,0
-0.9876358826459034,0.18735794509305617,0
-0.8731824146528061,0.5137967015407455,0
0.3581140762849662,0.9313355913714059,0
1.00079633192436,0.07674162326767527,0
0.1214682010804325,0.9884185349413244,0
0.9704476820706298,0.2102283816261698,0
-0.9799693359824199,0.1899235561396069,0
0.29536662680529013,-0.20831126968660618,1
0.7398647233562275,-0.4688223743868552,1
0.46396026772047616,-0.33477753218198597,1
-0.9163936918757898,0.3448138753368972,0
0.02206134253319788,0.9996955444350862,0
1.7060108083240588,-0.20028017178132518,1
0.3258004638662834,-0.22423089714576958,1
-0.46759267163766804,0.8678940086302922,0
-0.921650900294913,0.41838199849774865,0
-0.511253113525643,0.8536888170553464,0
1.3439907663895532,-0.4404630881481975,1
1.5472914871257109,-0.3609458346769122,1
0.35705745088406876,-0.29260807901441505,1
0.8576779482341823,0.5142527123824634,0
0.35421032082565285,-0.2688507313548554,1
0.064218389352497,0.1256908458804599,1
1.8240037485856753,-0.057411341509216375,1
0.4199212664645166,-0.31783392966698115,1
0.8350981724051044,-0.49355162109201645,1
1.6548104019886565,-0.23866535304283212,1
1.5981819224919407,-0.3063481633715808,1
0.12607746444614257,0.048376507097057084,1
0.17194224013956325,-0.050296241520912444,1
0.7182326889629768,0.721651869247188,0
-0.1442107127822709,1.005008480095907,0
1.9411495645197085,0.22152277883725494,1
-0.8637533301962413,0.4976756974356143,0
2.008861114979709,0.4995866569699736,1
1.2786198337646555,-0.46519919729889053,1
0.5092468160822463,0.8803270002780166,0
-0.3731765442873285,0.9430000331060975,0
-0.03361264520970288,0.9886133254158171,0
1.9177025495392173,0.110738693933925,1
-0.923262969672831,0.34959428710890955,0
0.9168916733957415,-0.4873450815362797,1
0.49002730979282977,-0.36522174436236504,1
-0.0008504367523893101,0.3839403294733832,1
0.4184147933458342,0.9099787916931137,0
0.8295631540298122,-0.48603700514987475,1
0.21180198573637896,-0.12979022396087303,1
0.19447618647967693,0.9728107076019016,0
1.8722955912667505,-0.0018544207362606556,1
0.15530352895561234,1.0017726205034596,0
0.08473204623157349,0.06035298075137709,1
0.13568764521558363,0.020080786841718632,1
-0.005063947744589244,0.9870202755934151,0
-0.47708523105452916,0.8829928782207537,0
1.9849010591456853,0.26209831437636233,1
0.9773481848690313,0.26621828471773135,0
2.003686901005261,0.4706531211197554,1
-0.47859040252969093,0.8780001240719253,0
-0.36423560301143326,0.9259811399746172,0
0.5098438662015403,-0.36555084625684686,1
-0.39084514431199086,0.9433432917121016,0
0.928105399971364,0.3452565448645739,0
1.018391907878334,-0.5032996395722936,1
-1.0084565843729845,0.016519295436994208,0
0.9835727502138412,0.14760992517241237,0
0.4580382136171672,-0.34843482725142305,1
0.93094560003185,0.3744847156640378,0
0.8467115555482403,0.5410227084894951,0
1.648103367598496,-0.2601937747645312,1
1.3651537656764516,-0.4370016312865689,1
1.9728845447015815,0.23811870801876703,1
0.7885983755859021,0.6249559826264378,0
1.8987527102314108,0.06619840935113688,1
0.8476132171271148,0.5074172379344323,0
0.24968043579176016,0.9631098802439731,0
0.17868209104459704,0.9843089014652152,0
0.1162977395103827,0.029595791952640824,1
0.7216896907416233,0.6856404388426631,0
1.8617830460846163,0.006917167505688865,1
0.8838393206939159,-0.5086377199697762,1
0.24211789569524123,-0.16784247383412593,1
0.6683203172603792,0.7351463509492467,0
0.880275359771772,-0.5136439155535494,1
1.965872333602357,0.2569466158497548,1
0.9566855516783612,0.36006709917859725,0
-0.6556953065821971,0.7652033221779003,0
0.4860055934612374,-0.3483633587769612,1
0.8599797145260863,0.5363413713498059,0
0.014568280494343097,0.4376398938433961,1
1.2763395110765783,-0.45102595892596586,1
-0.04780005997285583,0.9923275697945958,0
0.8282381544084633,-0.4920226757485049,1
0.7435737690153159,-0.46621074795835044,1
-0.5714740524080703,0.8120136077856552,0
0.2013624327441214,-0.09447936131259208,1
0.9690994301016889,0.20172721386073703,0
0.4788009863418838,-0.34350681179650716,1
-0.7330267849562453,0.678135734157515,0
1.8816090464716866,0.04049755113703572,1
0.3063626752959599,0.9453106616462316,0
0.734012727361363,0.6773571351626557,0
-0.852254434021944,0.5129585512761364,0
0.23515433688464835,0.9648171585331805,0
1.6802198172413312,-0.2241981718003656,1
-0.9107841521335919,0.43709636492917425,0
0.9408583094663374,0.3589693724822745,0
0.5738221972798468,-0.39700508746728036,1
2.0041081548632906,0.4680743805003538,1
2.0107974041079375,0.3456110762561356,1
-0.965517542367208,0.2998580083464374,0
0.7534667406300738,0.6598752887558881,0
-0.8304550413289605,0.5704928790109383,0
0.7369946154631876,0.6836777251904149,0
0.0003636257475526342,0.5007463808642553,1
-0.7203441677778722,0.6685064476863861,0
0.6624098526756643,0.7358351772656561,0
1.3446925369569678,-0.43381283208826,1
1.7058062187760872,-0.1981299338442287,1
1.53796311980636,-0.3392937245767302,1
0.8975923057469056,0.47998064317250516,0
1.5047600732854418,-0.36311657353326326,1
0.012406749919450647,0.31453427770597037,1
0.014679186702984064,0.2703134755978867,1
1.8414853766768104,-0.03696076314686643,1
0.9225149822757235,0.43959463931250725,0
-0.7350253658776591,0.691967641729821,0
-0.628457666072532,0.7926340696235598,0
0.6635259154169522,0.731314881461134,0
1.463309921203901,-0.3804933505748573,1
1.947593115699569,0.15840873994184546,1
-0.97888681731954,0.1723282465207307,0
0.3815219732866024,-0.2865880604445742,1
0.48965709407484875,0.8733863848452819,0
0.4663516691753858,0.8851777547255797,0
1.4051284616796158,-0.4292659426110225,1
-0.853376771455774,0.47878541980381173,0
0.7209036569417788,0.7051926377961018,0
1.0275229210186734,-0.5078387706112115,1
-0.9457590026979897,0.3559301167294879,0
2.0087251057105253,0.40451711937080476,1
1.7596425096903852,-0.1204285155825122,1
-0.7616621144222269,0.6317113442048743,0
-0.6065928956356362,0.8066353809258232,0
0.2835143186348545,-0.2206792943263203,1
1.7828763572253006,-0.1354916206515399,1
0.5597183220854314,0.809944030173121,0
0.5619157003761545,0.8238835694655322,0
0.6869766445175982,0.7269892694833209,0
-0.7690357192350694,0.6237623077047049,0
0.7571113550275831,0.645878113832697,0
-0.23823542536883136,0.9801559779805599,0
1.813388922455214,-0.08032345927624342,1
-0.21186138796333276,0.9632179911239745,0
0.25843705249544235,0.9589737412659673,0
-0.059334386408033166,0.9919776309369633,0
0.39427134292270477,-0.3049678262176445,1
0.758425237380293,-0.4914788708353581,1
0.8541271741491313,-0.4804162369648024,1
0.39397528964878153,-0.31329585632889384,1
0.9848867837191505,0.17206630534780654,0
0.017529389092447625,0.3263312292039964,1
-0.5101356383634484,0.8678391073325037,0
0.37319229776026447,0.9227949365198307,0
0.9841521852393574,0.15778848636552645,0
0.26405603036302705,-0.19042504503944746,1
0.7765472774733546,-0.4848673228619317,1
0.13157779714330736,-0.007702190576835299,1
0.25771831365429165,0.9644016836612922,0
1.7226623548577187,-0.19804532571590705,1
0.06813083631283975,1.0189413310004292,0
1.2227517917019004,-0.4640843231405544,1
-0.1569768906922547,0.9751642815329331,0
-0.4826858539623132,0.8835928643864744,0
0.007639444746362994,0.47624138848082326,1
-0.43203359326481305,0.8871911204448916,0
-0.06007707715866057,0.998058883138587,0
-0.001963010313237463,0.9883625915358044,0
-0.6342937967234789,0.7674079533384889,0
1.7010841713298495,-0.23081749931647327,1
1.2901219692762487,-0.4616183893036787,1
-0.7683903986274745,0.6172908466504649,0
0.8092981992832031,0.543951431041933,0
0.8849515949905821,-0.490236834170565,1
1.892759796570528,0.05717660118801371,1
1.0083053992312083,0.17416019072946612,0
-0.597485920773738,0.8169719598706431,0
0.780650004794571,0.6518052396642358,0
-0.23651574545835774,0.9701731563029498,0
0.9335075092932391,0.33359212611389527,0
0.20393015494570402,-0.10592825805866818,1
-0.009811588857054467,0.4747989055897169,1
-0.9116153397130637,0.4403129404773863,0
1.976517578427306,0.23132750666239094,1
1.1613372621005498,-0.4745781526435452,1
0.7963114898152542,-0.4818456599358907,1
0.9757136105272212,0.26213557666597737,0
0.9606699468732772,0.2420850320139508,0
0.11339761826111089,0.9941586964566062,0
1.7774013837198193,-0.11391780737225231,1
0.056715575227573214,0.9901133237167788,0
1.5780371021905664,-0.3231845238487979,1
0.548826590108624,0.8203987148198747,0
1.182531735224578,-0.46970401548368357,1
0.875433020385611,-0.48486346414950676,1
1.7972108221281895,-0.08495740005574365,1
-0.9286487228273633,0.3740130062910584,0
0.11292736289480754,0.030938963821723394,1
1.671806979710699,-0.24902279978838407,1
0.5958675324877172,-0.42286113670592396,1
0.8554202022578465,0.49538701347939496,0
-0.976963642861746,0.20461234959773364,0
1.977279407172973,0.32591330351029957,1
0.8703016545411446,0.5088288409177388,0
-0.8820184834383225,0.45123650306715574,0
1.9647802724767485,0.19894263840350712,1
0.07850086492867181,0.08695864566599597,1
0.7396577973582854,-0.44722019731272983,1
1.7818782571458045,-0.1303799276978756,1
1.3511072937424384,-0.45502892731468997,1
0.957677569008414,0.2146173352298094,0
0.66023513858508,0.7550661550490044,0
0.9248775107388528,0.42117966621907,0
1.7805045774778836,-0.136083233898916,1
1.0062140242021755,0.016010888893999858,0
0.6568479402989729,0.7678054491684275,0
0.5856932427281065,0.7968175353647349,0
1.0808712434608438,-0.4835808663916466,1
0.025092664735429326,0.28065834176836607,1
-0.9278451542835756,0.3771417591572451,0
1.0352642121733813,-0.5056580444761711,1
0.9161527023108695,0.4153269097362852,0
0.08234843036787658,0.09162358204475858,1
-0.9934869749651506,-0.00338917080199838,0
0.7205108937227703,-0.45681157925034277,1
0.010856799267328156,1.0027532222008821,0
0.24973025644384236,-0.15235590899874715,1
1.7782796055421863,-0.13087979956014756,1
1.9540571482534947,0.20186667734904443,1
-0.3095727577409562,0.9593409110581437,0
1.5687086449918446,-0.30744389572665703,1
0.5414730246389295,0.8393268798363733,0
1.7944581834185962,-0.1243422211185911,1
1.1616387385599736,-0.48116447610682195,1
1.4256514847391049,-0.4002373914136668,1
1.7108804706328364,-0.20505142354167383,1
-0.4947399569733507,0.8751599719198752,0
0.30432971173070966,-0.2175444659345742,1
-0.27227134249738183,0.9449175020433344,0
0.9320397286810951,0.3826537854657688,0
-0.1289892890392493,0.9699354040540572,0
1.6857526760714707,-0.22869298898311086,1
1.9833116455569828,0.3088409888123391,1
0.5664087812882143,-0.38650240536666286,1
0.41779008386865857,0.9156998522620141,0
0.6879054515104442,-0.4415692342285993,1
0.41838980570796974,-0.33293424824867207,1
0.9041376144944465,0.4155280040832957,0
1.0067732430252532,0.10960911465634282,0
0.18563507061936504,-0.04871514328152227,1
1.5767176204401276,-0.31687579173070873,1
1.2219250909157298,-0.46593465990939803,1
1.899725150071286,0.06945721011146878,1
0.41259473048424744,0.911124827109701,0
2.0070063626359538,0.3859756706574608,1
1.6134281905980843,-0.2987764173709243,1
0.7869822472909886,-0.4837339196334631,1
0.5363214881192513,-0.3770335622104466,1
-0.7008260316625154,0.7071806983036888,0
-0.9121009792289891,0.39553563517511164,0
-0.13004016560212636,0.9985012562978431,0
-0.1111762809066065,0.9645223015653553,0
1.6765237241272406,-0.21153611829988606,1
0.9774586952745116,0.2178310194287546,0
0.5993218809592782,-0.41637296576854443,1
0.8274584539625898,0.5641921439180226,0
1.4560544196394272,-0.39017035195132993,1
-0.4065113214974754,0.9118830478067351,0
-0.32083346439525645,0.9383369197313309,0
0.019702491516968703,0.41853401220640213,1
0.9914298718549651,0.15771330495358057,0
0.9567572961861732,0.29532970514540147,0
1.0098810034905013,-0.48480720932759847,1
0.8062663479743634,-0.48771747309125274,1
0.9520545940807724,-0.5142114714907651,1
0.49949742479282877,-0.3665150394213667,1
1.3022884690736454,-0.4479971641110132,1
-0.487916968044576,0.8814445227123793,0
-0.5306210849926176,0.8651596270578055,0
0.8235774256673106,-0.4835316630185979,1
-0.6522899772038306,0.7480524629894993,0
1.9391457299912744,0.14107795472186133,1
1.9020370840649314,0.08689851848712332,1
0.9978015556154916,0.0308849290446816,0
1.604469331376136,-0.3196126516705077,1
1.0316821057874177,-0.4992963367508139,1
1.014641780869531,-0.5062101767432213,1
0.9136950958581544,0.43126385021344327,0
1.2194279414121993,-0.48041454378957144,1
1.4777181234938104,-0.3677182549850391,1
0.03788744335516128,0.2541610392967572,1
1.9275411860266394,0.13554751880874963,1
0.05584366643022922,0.1299872687001099,1
0.6563464341256701,0.7625048675047844,0
1.8952787457504596,0.03120975157211109,1
-0.9563855729636764,0.2571120680413268,0
-0.9413513265522742,0.3622089301983788,0
-0.4508159080065137,0.9026486006854187,0
0.2390619831857069,0.9704385615460823,0
0.12289970271338786,-0.00931471291401766,1
0.21989599672327492,-0.13687629049210287,1
0.24173726432524323,-0.16696430988331884,1
-0.96196845493235,0.2493175076784257,0
1.8485376286770723,-0.023855649979619156,1
0.9754305595814278,0.23537839606347943,0
1.8681807815097464,0.007428872799488695,1
-0.9473253410658825,0.3570736014372113,0
-0.6516870174801047,0.7684551800007337,0
1.9826691770993572,0.35278275451831204,1
1.7347990321279785,-0.1715411640602594,1
0.005659236934628147,0.4305433130499066,1
1.300041856805292,-0.45929149929025687,1
-0.7151897855994053,0.6996535280133196,0
-0.7627619918883148,0.6412321904424171,0
-0.7333583761288304,0.6620397187360364,0
-0.9084132195557785,0.4318537152548777,0
0.19241100703406944,-0.07045683783982916,1
-0.46664811415311863,0.9067407285744998,0
0.9898048864516941,0.13746268978265333,0
-0.9943026517216547,0.219972492473564,0
-0.6637426615894266,0.7448803194629661,0
0.19781554167085025,0.9751922541038198,0
0.6610082146898236,-0.4434553877907735,1
-0.6164264163496838,0.7944664515583465,0
1.5259891961595713,-0.3496245906220718,1
-0.8555324678341396,0.5120582287783749,0
0.4490410541536909,0.9028046512212577,0
1.199736263530424,-0.4815849031886525,1
0.9896764851743917,0.2008548424954375,0
0.3293600037690932,0.9329672411859229,0
0.5409193334515425,0.8438191678546367,0
-0.7753000807982675,0.6198759527684421,0
-0.3313211613918549,0.9435223167727668,0
0.6541053351610759,0.7592545044937546,0
-0.7195069017621921,0.6982831195196444,0
0.8495655139738537,-0.4872526343842053,1
0.031130563039882413,1.0030271442115894,0
1.8913364941706512,0.05571797835906331,1
-0.24388831936152255,0.9617625596028834,0
1.6092528623717473,-0.3063075344167123,1
1.898025405069446,0.024610886478619046,1
0.02819833762382898,0.35949618042941,1
1.7087207606268224,-0.19369762780288355,1
-0.9374145208831053,0.33322648091336826,0
-0.9260453701260957,0.37787139179270324,0
-0.8648318589965063,0.5338746454249554,0
0.5300706369480208,0.8567470695334408,0
-0.9525431759198093,0.3010763927909033,0
0.07957515229138498,0.05784734094358713,1
1.1971784264634837,-0.48655013863273255,1
1.651975829179042,-0.26928691106527775,1
-0.8426173243747783,0.5295526536796008,0
0.9961491216793352,0.14647052518402476,0
0.5027527865965485,-0.3854662960407497,1
0.74492821920114,0.6504088599771383,0
-0.2978438833403956,0.9410135612050872,0
0.5024632352196026,0.8674683621418859,0
-0.9750300078469495,0.2548502163284123,0
0.05861172723959301,0.14599491816886717,1
0.9753969760184934,0.225941156184133,0
0.004988347625165093,0.4828496391949769,1
-0.34293796921836617,0.9432719067261799,0
0.5748283989578226,-0.3836610638462747,1
-0.9873002474333623,0.12377623013554852,0
0.002587312161638228,0.3787082572747693,1
0.9908824915140428,0.06153245938587354,0
1.9934254744758262,0.46220190925435534,1
0.18767702695823477,-0.10187922840957145,1
1.4694271182164937,-0.3736588892859015,1
0.9608768435302728,0.29735423825226515,0
0.06166287336987764,0.18846328803349846,1
0.9873644355859057,0.019915334024899874,0
-0.9934179874928357,0.10716706815653804,0
1.825852675640168,-0.06794601125861005,1
1.4787125327709754,-0.3621736982606825,1
0.38509327417166056,0.9158513711516019,0
0.04462757850315168,0.9989532582724797,0
1.0018853584663967,0.032258815593167345,0
0.672415157056871,-0.45251845209386216,1
0.0022505382747697155,0.41114609526496676,1
0.00985065783613623,0.4368316399222301,1
0.6347165014377358,0.7856138224381889,0
0.14913076243712836,-0.03839860275175329,1
1.4269382445146304,-0.39209717608472583,1
-0.0848414576571929,0.9970241225100926,0
-0.81222661943665,0.5754006427445099,0
-1.000087907428056,0.009574500942815147,0
1.972163300022059,0.35665077590937616,1
1.9424845060769254,0.1818155225366874,1
0.8590564739445598,-0.4865902765976636,1
-0.5051700276852337,0.868337130152182,0
1.2813276449581312,-0.4602099283363565,1
0.013257838338664302,0.32724814410512204,1
0.9469275067336326,-0.5000424812400865,1
-0.9876448677768682,0.04192911479338152,0
-0.2551220562668298,0.9721193539014785,0
-0.8896183198097968,0.44345637117186965,0
1.236906420168856,-0.47275737254477196,1
0.41587846402720297,-0.3192677082985159,1
-0.9955240193444888,0.07857340256850376,0
1.6466579354288273,-0.2650089616498996,1
0.3263206966357704,-0.20099141789338512,1
0.8894247456142392,0.4590633302142517,0
0.32493009558569896,0.9319990261126774,0
0.9777340886104509,0.2527242134023421,0
0.11861771931411526,1.0226540531363728,0
-0.9702862251863614,0.24543271723793603,0
0.5442731827383066,0.8320339909711947,0
1.8610990777518412,-0.024348606845844438,1
-0.5225524631209663,0.8649153331135947,0
0.36840853960990944,0.9339221396428533,0
1.9641277498354817,0.2812271491482674,1
-0.8407286765150898,0.5619480416205076,0
0.8763292102741564,0.47852088289636024,0
-0.0003042093372163751,0.49998276186108415,1
1.9876149681522186,0.506165079978729,1
-0.8861391934021889,0.46700713805939764,0
-0.9931820196243265,0.15522173326270497,0
-0.9790458476420143,0.21763650068183424,0
0.8556132872766774,0.5215197181935088,0
1.4772204232859107,-0.38666332860627584,1
0.4707646219170076,0.8728904071145294,0
0.44881982714716073,0.9108478173119932,0
0.12404453935866924,0.030719071969585347,1
0.9099721621558693,0.43607224919699983,0
1.8946398452392887,0.04655043214038963,1
0.8965456624223915,-0.4929875948974652,1
0.26901031549519044,0.9579089251742334,0
1.253226775798223,-0.45286324927590504,1
1.3833256032938823,-0.42722276177008245,1
0.22178657874718172,-0.12165532832498377,1
1.727425299872585,-0.20087260347525815,1
-0.1363500423109756,0.9945849919511266,0
0.3888043173810189,0.9044179187901522,0
-0.982381619648647,0.10160594148367287,0
0.21543833820908856,0.9957713746305906,0
-0.8508799717873818,0.5521769291106752,0
0.37607148237784216,-0.29575317150375635,1
-0.0639098680856005,0.9750703140729989,0
-0.9486998992444877,0.28120553787118086,0
0.04569049027379984,0.9987075636351112,0
-0.9792066959835727,0.025209225755336538,0
0.4303411100407404,-0.3400551885983367,1
1.9521440724711727,0.22981660446948793,1
0.15289003524447642,0.9940600415498282,0
-0.8260446406186048,0.5366349586152667,0
1.8535309610083461,-0.012793463917284626,1
0.4351438090903216,0.8925820597422326,0
-0.0019930522696834617,0.45680166720378107,1
0.309580981373785,-0.19659436832369298,1
0.3794480091617682,0.9384332329775353,0
0.8497633806871782,0.49878105840784326,0
0.39057639474183553,-0.28432430277776877,1
-0.38946967741886535,0.9190903279986619,0
-0.6321145198578799,0.7916491671473999,0
0.9652838257655427,0.2687344906934822,0
0.02635784072008628,0.2740242183566353,1
0.1373843468860415,-0.009955344800119666,1
1.8458191428383939,-0.04750999255551509,1
1.9850452465809063,0.307005486013505,1
0.8614426636567607,-0.507854910330719,1
1.4141644890223812,-0.4139028144375647,1
0.5612998709949896,-0.3990443118236207,1
0.7152764121800753,-0.4495260281325458,1
-0.8940850539342439,0.4660545019949014,0
-0.05412528334683657,1.0114893516578891,0
1.2109575467392915,-0.48629458805007664,1
-0.427890009671799,0.8922555277209187,0
0.8263449455728679,0.5399485442868796,0
0.7708637798453715,-0.46358768878391604,1
0.38859496109866354,-0.27973237879036944,1
0.0878617131133502,0.14243799153550088,1
1.9434206243488024,0.15399068213697323,1
0.6262694048522995,-0.4223087227066423,1
0.045969790420552756,0.993306637261603,0
-0.7488498588363277,0.6581064342822404,0
-0.41259256816386086,0.8944306732397383,0
1.4960883905499245,-0.37451548903992904,1
-0.9685881044501168,0.25462971638443416,0
-0.5909355697777346,0.8073137672648527,0
0.014032868202750941,0.28483574338203865,1
0.4251628625259384,-0.3056564389313751,1
0.11760424170853842,0.022545250138097907,1
0.22785879831390385,0.9714722345172081,0
0.5776391835797293,-0.4243204896874979,1
-0.34288619449872326,0.9330618888096841,0
1.3685331875538742,-0.4309171386817149,1
0.05004194420974785,0.24215739805601544,1
1.069109182152662,-0.49444456717932905,1
0.2610009009003076,-0.16582649896519835,1
0.882726974483276,-0.48445514584753163,1
0.7677119023191963,0.6468172674829807,0
0.7526924605565107,-0.4916343761605435,1
1.9727594606254486,0.28738210391964036,1
-0.792988240387565,0.6138091080842537,0
0.9848812505839336,0.0751941312958489,0
0.5398067609221826,0.8485308643493849,0
0.0805445303168863,0.131171461793172,1
0.3121368230460551,-0.21770874899224749,1
1.9013055124064475,0.10193999522617893,1
0.7000002688832032,0.6995342086086134,0
0.4736969751281417,0.8807095725612132,0
1.211292346049445,-0.4676461890572271,1
0.02370919146336437,0.2838711579119622,1
1.9349930372759523,0.13153038879411422,1
1.9938251811637728,0.45044956320768376,1
0.6214100497562777,-0.4157948836179495,1
0.31354624060669306,-0.22339021930951272,1
-0.36564037915711173,0.9184132703390756,0
1.5892387825063876,-0.3170392293358403,1
-0.2957199855611642,0.9326245665847277,0
1.0080658026927478,0.13560846216136946,0
0.45705343386651803,0.9014153861487253,0
1.3376774819371853,-0.43833546922685257,1
0.03068947728426025,0.26480909195138774,1
-0.250623098749673,0.9706489659053675,0
0.9877692239717866,-0.49927903748177044,1
1.005375861188623,-0.5094479752128569,1
1.9270660496826983,0.12190177955945344,1
-1.0042548421498954,0.03548061968512729,0
1.9477078790544988,0.17466560469956743,1
1.861304558216636,-0.018969689975794488,1
-0.9761226341122877,0.01060973448926767,0
0.937290475770594,0.29414229332121133,0
0.542284975304327,0.8491577779087504,0
0.05836583431439064,0.15430358090440818,1
0.2643556794128778,-0.18628390929417285,1
1.8933553078517784,0.03662295804315856,1
-0.9847718782212121,0.09804443935919904,0
-0.7015146216974346,0.7018025695086245,0
-0.78562048063051,0.6227405565189182,0
0.5238477835564813,0.8626914330523884,0
-0.9378871158770645,0.3398223754470084,0
0.30345953595904784,0.9357151645035745,0
0.10067026976689035,0.06250143196494903,1
-0.9781171445386001,0.09763452472891969,0
-0.25115661729643113,0.9673808347029212,0
0.0054611931376803025,0.32415285164239793,1
1.4165976084034992,-0.3917714187907332,1
1.9172042741417747,0.1289538683397727,1
-0.3335472821465462,0.9428804766489807,0
1.9396142972993429,0.1291030549349727,1
1.767777061656807,-0.13652445575033284,1
1.1693016001467953,-0.4800065042710335,1
-0.4698624674316965,0.8871599257841652,0
0.6614408097022257,-0.4333819864378055,1
0.02748412493635228,0.28201612482849825,1
0.07166599281973746,0.15590082580926629,1
0.8509129651650787,0.5488497681968566,0
0.428525316887548,0.8823325595692012,0
-0.7876124777065697,0.6275941995669464,0
1.692225789967143,-0.22448353732488435,1
0.8212664655712005,0.5610186078182271,0
-0.26676874257947664,0.9639389167145443,0
-0.63530774649586,0.7746454698606848,0
0.8312286754015727,0.5574452244287557,0
-0.39945273200739906,0.9254469021266322,0
0.18079368566396442,-0.08342972944825187,1
0.8086344648897167,-0.47633635315519196,1
-0.44927436115661634,0.894837450483113,0
-0.6370163889035239,0.7741610176753929,0
-0.9133523933334907,0.40015421178205773,0
0.8609962160645338,-0.48441233640260556,1
2.0324591861660446,0.44620689343939984,1
-0.9552581503561214,0.23197580519520344,0
1.1442258919877648,-0.4893262240106652,1
1.5807788522905375,-0.32274630682337324,1
-0.9970404386032095,0.09685192641789514,0
0.8955191294359255,0.45115745292351456,0
-0.9250152228556268,0.4107889720337897,0
-0.009247530891953777,1.0092052192778747,0
0.40052348993336967,-0.3087756785334259,1
0.005199373623908344,0.44208369975875617,1
0.06615729618451963,0.993882070951756,0
-0.6168800900550779,0.7825195338284076,0
1.962959884393621,0.18042364938271793,1
0.9785342222092194,0.20497502348484994,0
0.6379876300686858,-0.4327419582410686,1
0.7472912637611843,-0.45470193780198837,1
-0.6102506876493603,0.7884512339181173,0
0.9509692622305028,0.3305454984702783,0
-0.20995272477532484,0.9789415555443002,0
1.6356979216945107,-0.3006262855543727,1
-0.0007883887180385428,0.336316116566737,1
-0.943877199283312,0.33052645183273205,0
0.9974385755629778,0.17008034174906794,0
1.8815648055092025,0.015545578314297117,1
0.27788694867746955,0.961956952523814,0
0.6839075792559194,0.7448086428660128,0
0.14188514825708787,-0.024026174323826626,1
1.612747908352279,-0.272011025670518,1
0.1951660825756877,0.9777747464068958,0
1.8464397656244682,-0.009237530073279175,1
0.21619793443992796,-0.13370714318568921,1
0.8749234635127511,0.4895091313189555,0
1.1560357457255075,-0.4944882656427853,1
0.2887877730380173,-0.20499628923406318,1
1.4186167734509896,-0.4166554935120308,1
1.9894887587673264,0.46421270670354486,1
0.39319872362387026,-0.29316301406558326,1
0.911237249431375,0.41466814724254836,0
0.030836734603329793,0.2692127004815083,1
0.8302121460746189,0.5270755284864125,0
0.7482923329707022,0.6658169728337195,0
0.23599719361828872,-0.14283178027438462,1
-0.9456203150515633,0.3366740094780751,0
-0.9523293855807886,0.3355286856964128,0
0.6867821956384399,0.727214405554838,0
-0.09303220920869329,0.9915310116366581,0
-0.6509085112697439,0.7559277000311023,0
1.4383573150352338,-0.4136403591201762,1
-0.9878311818189663,0.08451593964213136,0
1.51773220538041,-0.36742019346608384,1
0.8940077501672054,0.4114507261583316,0
-0.9816877458881073,0.16875543695156123,0
0.24340210241900412,-0.15782761865857595,1
-1.0036572553958942,0.19980557254018508,0
0.2988236181498198,-0.21465505907373894,1
-0.3712399746673512,0.9165900449420653,0
0.061280730107710395,0.14718685284160937,1
0.15435539433522844,-0.05446273448670998,1
0.1882981239531722,-0.0996372661080377,1
0.13606064245169316,0.02275037949916597,1
1.0023451992503374,0.06091475583719926,0
1.0160446755108612,0.04733587020612883,0
-1.0014786016827122,0.05714004657269382,0
1.1934710885345252,-0.47830550121628856,1
-0.977473140039477,0.15869202828666773,0
0.1963640560871832,-0.1308072696616082,1
0.9745213379116798,0.22412782448042168,0
-0.6024539268972929,0.8008649960397375,0
-0.08268433284782163,0.9916548678530787,0
1.9477619679644373,0.18014052442412115,1
0.7590597134404712,0.657651037358849,0
0.03158017056968841,0.29338369652801755,1
-0.7066246480471641,0.6790009420029656,0
0.3968371184167431,-0.296755605679612,1
0.1806030374502298,-0.08305456696893529,1
0.8826834627862655,0.4729972351508653,0
-1.0042379936660197,0.024644241088367953,0
0.38703725148186446,0.9245243856363241,0
1.4326710308408195,-0.4021402082737041,1
1.4502330153688143,-0.3909932828196562,1
1.953222438270202,0.23597511210109862,1
1.287340533431119,-0.4543809620930858,1
1.0926081564428873,-0.4945023589597403,1
2.0028631922377853,0.4606935517863147,1
1.0363458427724508,-0.5013889994789877,1
1.7095201420381179,-0.19656681457987565,1
1.7892959381943154,-0.11804339308376617,1
-0.9632920220158108,0.28316923078119577,0
1.851946916356573,-0.01183557231918847,1
-0.9467180999574936,0.32737253667007243,0
0.9408248364702811,0.3419824808987866,0
0.12780578458754377,-0.011130005380789381,1
0.543210232566831,-0.3880340907823326,1
0.42825846902848563,0.8930323299859344,0
0.9340736973819356,0.35894400015611655,0
-0.3058224456863787,0.9487051169462375,0
-0.8703516569195696,0.4909887178769145,0
1.0734130759968639,-0.4947519828310976,1
0.9856325743728361,0.19433806295264663,0
1.1604111998268856,-0.4788987943197427,1
0.01135189389591323,0.3080685516377776,1
-0.5642464555428502,0.8264790311293884,0
0.6480192720383412,-0.4156698536315692,1
0.6583250587255471,0.7768301214276125,0
-0.9702005865236327,0.24569827308801648,0
0.05486443355983013,0.9890015711658977,0
0.4099382596455578,0.8909699949830278,0
0.7053084494143494,-0.45621286067694095,1
-0.9911737756798324,0.22738540567001808,0
-0.8462626454389253,0.5191444387688929,0
-0.37543242540053434,0.9165600765963754,0
1.9824540603633964,0.2769383991986486,1
0.22761212522660484,-0.11609010488109753,1
-0.9816413758736139,0.22845518902689602,0
1.1916087997595883,-0.5005083678443688,1
-0.8494269986733285,0.4862417053561736,0
0.4421108199583424,-0.3151242511390639,1
-0.9223942621082374,0.3598684948614071,0
1.430852719958897,-0.40083310056022287,1
0.5025272623962003,0.8458600745059336,0
-0.8496651981929122,0.5277631450017208,0
1.8730502907061748,0.03526794177902574,1
1.2945639212130131,-0.4622667106766636,1
-0.25678278089094997,0.9576174101508615,0
1.8179291545896137,-0.05312156355804947,1
1.6904504193508239,-0.1869335003213023,1
0.6960819581722343,-0.46513525947592843,1
1.7212127111404125,-0.19312335104235215,1
-0.27357251837939484,0.9722437077029046,0
0.865543705025261,0.4955033428238245,0
0.07543299463122799,0.08433583710691146,1
1.9983917117721863,0.34823078383400113,1
0.6868579243001638,-0.4517547007031427,1
0.14327954576780932,0.9898519401211229,0
1.3575553939413296,-0.4208035483799089,1
-0.9610514799719675,0.25723266243466497,0
-0.5031320883973537,0.8630515298052827,0
0.5861323056140942,0.7964517031803104,0
1.6892191419634368,-0.22856285885071148,1
0.7330470292260525,-0.46330249044827476,1
-0.9707946840551701,0.20345362207922277,0
-1.0006802098679375,0.023971281080280016,0
1.9857961764490355,0.29211538574328055,1
0.87325704186094,-0.49026173853617694,1
1.9705783212394576,0.29119685947254614,1
0.4566106316120912,-0.3441466546478594,1
1.992098239044596,0.4212474887462558,1
-0.204574488515954,0.9756809075574712,0
0.7555486778381572,-0.4712557183822552,1
0.9542833700791067,-0.5128073381874617,1
-1.0062780923505115,0.031194556366673835,0
0.047443138725650265,0.20824630711291886,1
0.8279062336007538,0.5454767046973464,0
0.16555941616410258,0.9819523628216034,0
1.6073583176454953,-0.28295623469997655,1
0.08307224156738283,0.10834314410790197,1
0.6487576463134066,0.7667083673880526,0
-0.7189502184032743,0.6926833938118702,0
0.9937129823354636,0.12215726919034174,0
0.7170534951993601,-0.45202322812346735,1
1.2693213402034373,-0.46851406325473005,1
0.05427199759709024,0.15987052839629773,1
0.06552062892345976,0.9907552989506431,0
1.7840604399799895,-0.10977257772961102,1
-0.9384971690629906,0.3227560976570987,0
-0.7055882497793378,0.7001749906974131,0
0.3469216342656329,0.9486824455936943,0
0.7520302474742196,0.6366590986387312,0
1.9557258471716739,0.1562561845002887,1
-0.829971837032404,0.5890378113546488,0
-0.9809880547292922,0.11763206705951477,0
-0.9308082491483848,0.2809854764207374,0
0.05542656930596221,0.19468744640495614,1
0.7986188601338692,-0.48247301069329807,1
-0.8219071321306678,0.5688882067480531,0
0.005044324758089073,0.4953282924059497,1
1.5442128360041325,-0.3353823234434479,1
0.5476785967974976,0.8344156193159341,0
-0.7544145579534127,0.6668857677843099,0
0.056851318534646686,0.982993220823053,0
2.0088851047518985,0.37184384788569314,1
-0.24692393103701463,0.9663676936314722,0
-0.28395715542367705,0.9471617840052245,0
0.014736708054311853,0.44754457364714245,1
-0.8946781767834838,0.40320593068721217,0
0.9807433671917231,0.20879755765556723,0
-0.8975398339742992,0.4079095600339233,0
0.6657136149647681,0.7143461876796319,0
1.9915100150907616,0.2724335813178336,1
1.0008913121686525,0.1564937941293858,0
1.9507280412146502,0.16901001529646306,1
0.9557558524304921,0.2132865971655829,0
0.7937657699597787,0.6090410249387759,0
-0.14591390274629235,0.97947169919638,0
0.769741921935017,-0.46574523685160035,1
1.5918063242751113,-0.3129244587844785,1
0.20874279662152634,0.9856443638540417,0
1.7370739130608766,-0.19196035065196232,1
1.6528524761762307,-0.2738106231112541,1
0.03885930041892827,0.2550917293259928,1
1.9766380844101004,0.35409248126998916,1
0.6162846027243618,-0.4119408568442991,1
1.831972360729995,-0.08801642342615065,1
0.2735488936602871,-0.1754040108091198,1
-0.9951814544317309,0.20887091248831766,0
1.7350512593917662,-0.175469254599057,1
-0.583770707195409,0.8226043017226194,0
-0.02087237191725818,0.9794404033525048,0
1.2158160596252532,-0.4736655826279486,1
1.6633019396110895,-0.2710010166109714,1
0.13793947772445128,-0.02842505553027185,1
2.0001992898147436,0.4208991770585406,1
0.28560596869214605,-0.21322417557475007,1
-0.9165174590971505,0.44455488294141565,0
-0.08637920544381374,0.9769628000567846,0
1.1472852661930661,-0.48325279108866276,1
0.983179393098454,0.027816691682071463,0
1.0585582936191504,-0.4974379617788985,1
1.252927191056701,-0.4560137606812629,1
0.675484531253598,0.7292651316120687,0
-0.4966999260090738,0.8625954907510378,0
1.8028414216281723,-0.10308767245857094,1
1.9972785585392125,0.41850732650485756,1
-0.3279479576127815,0.9351946843782302,0
0.9161239163439139,0.35340558701578145,0
-0.9817418408178322,0.14374731273725358,0
-0.7226822135246218,0.6996842782709951,0
-0.09086975992835618,1.0007863143022142,0
2.004139926991134,0.3645848064400376,1
0.7314915667198643,0.659133157628265,0
1.895869029577224,0.0965166632574671,1
1.0053266413616657,0.15595981838355671,0
0.42408094849219696,-0.3203954478562347,1
0.8190074643582066,-0.4746289545485615,1
1.9937681696995202,0.4922199194011157,1
1.0924389113838815,-0.497705078960187,1
0.850394251289605,0.5195370088449569,0
-0.22695369879413752,0.9768873330547387,0
-0.9081960856929232,0.43889684154785763,0
1.5494439943934253,-0.3225800170595732,1
0.8433803715009759,-0.4917857438981911,1
0.1833612459616661,-0.06519966931729006,1
1.9731415093582194,0.34501026175477606,1
-0.8979697842083743,0.4049817507948558,0
0.4288826810017221,0.9095285546590944,0
1.7641161494380952,-0.13970191902083604,1
1.0544852223121044,-0.4962204875942964,1
0.9784193504147095,0.19715455600027276,0
0.09576061217692833,0.0873052086574377,1
-0.9548929185416724,0.2404098510193026,0
-0.8795848231380171,0.46081480208873665,0
0.22384487156423669,0.981234100111761,0
0.4491329151543681,-0.3527218982361246,1
-0.8084687753655996,0.5776431774492351,0
0.9864890658398497,0.2233824371621993,0
1.6464403115302668,-0.2793593442555024,1
0.021963962322850597,0.34576433365380155,1
1.6838593148899021,-0.22461521838633475,1
0.46046410479212335,0.8874078684643419,0
0.8944990299938659,0.3962625040373832,0
0.3331790048993268,0.955385737199609,0
1.9808813788500923,0.4667852453960915,1
0.9273331047040596,0.34579210885554296,0
0.33809749399502664,-0.24195727421074179,1
-0.6197622831946641,0.783010879862997,0
0.9302920162847096,-0.49737362220757825,1
-0.36211445814815274,0.9606495280140539,0
-0.6324197977859792,0.7772743085303133,0
0.9827343744380012,0.14215072391957034,0
-0.982434433732791,0.17668878102598726,0
0.009156141168601842,0.5012441035220663,1
2.005748037561992,0.4911086058343051,1
0.8203317794621324,-0.4842758757859985,1
0.39521687514454845,0.9337890928102285,0
-0.21663297177348445,0.9791979042000062,0
0.13183174626695188,1.0001886010638545,0
-0.2955101450691361,0.9499814751777126,0
1.9078297087934548,0.07201140136414762,1
0.6991313370939907,-0.4660011388293189,1
-0.921377326190325,0.3498120906579273,0
0.274215306053437,-0.17834032401274194,1
0.33426577595790663,-0.25896580852839857,1
-0.9691192327012654,0.27407774682852537,0
0.8070158619699207,0.6159328320557705,0
-0.19188597624476994,0.9877929104126151,0
-0.6937864283711903,0.7604214542647102,0
0.7986711233334844,0.5930538433410987,0
-0.9958448088681127,0.08088185859807422,0
-0.13140284144850567,1.0044771333587874,0
-0.7699494976339172,0.6220753668333113,0
-0.5011141890663076,0.8599117390610128,0
1.3535749092011362,-0.4427635570247924,1
0.7803860292166613,0.6194568198965968,0
1.0431486772977716,-0.5120740548698604,1
0.6851576105433255,0.727510056961397,0
1.92903555976269,0.142167446958193,1
2.0081855156036426,0.4390576546189082,1
-0.9905184901708702,0.15211939042557282,0
-0.2232043133103987,0.978670643933421,0
0.38733472448180944,-0.2810396628964666,1
0.3923555878392169,-0.29274104968174075,1
0.836203827801761,0.5537307788644098,0
0.44825448465525897,0.8808102161403837,0
1.1206347330431372,-0.4913534205543934,1
1.9504443256633273,0.2440710499101399,1
1.942365566086187,0.19840623628216267,1
1.1209333772976924,-0.47689448790025357,1
0.9563095679289431,0.29533018992529153,0
-0.6093243802648447,0.7686037406591376,0
-0.40048919050765946,0.9101876655573649,0
-0.7915568408136578,0.5686523722714971,0
0.2809715707042823,0.9571957130859561,0
0.6043695274895974,0.7988153983515647,0
-0.739218742512722,0.6820604311101737,0
0.942452784885341,-0.49694787293254916,1
0.022751815976305913,0.37158705671387876,1
0.10672351118116176,0.05535094795441303,1
-0.679597984398275,0.7353788664365981,0
0.47361001817507115,-0.3422812341720014,1
1.507977656948497,-0.3758839793127532,1
-0.18749847349110746,0.9824169765391892,0
-0.5735681382545513,0.8163778316317712,0
1.031479386418145,-0.49360843585316905,1
1.464298166779648,-0.3879946904600709,1
1.9636394829946446,0.25709090176584676,1
-0.019920466813076666,1.005743524249204,0
0.415449675881024,0.898125464980218,0
0.08683093029967752,0.9893479319095984,0
1.059710632853444,-0.5063978458319986,1
1.9789808736022432,0.31164865228940475,1
0.8126092471943033,0.584771461561437,0
-0.1329263348629559,0.9814312745728386,0
1.8613773008333512,0.0005846671123054337,1
1.608141923677701,-0.2773205826943187,1
0.9912977025656815,0.002592375574175434,0
0.2442623951047153,-0.15579056822393228,1
-0.788592772768748,0.6041890215989772,0
1.7987837963860491,-0.08608755153350174,1
0.0942958772842028,0.08864881725357104,1
1.788957736794797,-0.13427076092180631,1
-0.43457998151666105,0.9006140625008449,0
-0.8592816157955685,0.5218951496235996,0
1.9885302592037384,0.3562950357905657,1
-0.7712631154228731,0.6202746450735277,0
1.4231441723273603,-0.3869166417175974,1
1.2828575459750218,-0.4447623853280941,1
0.28224638357904014,-0.17904542981256238,1
-1.0082030091119714,0.010998519088896319,0
0.9660067064177594,0.23335673689787625,0
0.4834741406855201,0.881293461190252,0
-0.013871299145036143,1.0019252280182487,0
-0.9942611875616197,0.01841922452501243,0
-0.942208240082634,0.32560701206133746,0
0.8006055295611598,-0.49162474708262693,1
0.30503417141734307,0.9705146412696097,0
0.6122689483380734,0.7549262164361575,0
0.19983200110265506,-0.10515773185394274,1
-0.7516741444857777,0.677324418322267,0
0.6806421190734677,-0.4385435668156299,1
0.7455418408946946,0.6664757012681546,0
1.6073867259037904,-0.2970999095551963,1
-0.8253510814225431,0.5459036601132223,0
-0.8364567132773078,0.576475839228173,0
0.9427557592169098,0.3822691024472387,0
1.351413947587954,-0.4379736207575897,1
0.3716235131858315,-0.26983219390728547,1
-0.6040254484084099,0.8191541790018267,0
0.042848348522774124,0.2034643785848186,1
-0.9580021699426503,0.2892378163192557,0
1.2850133234434808,-0.44977793856561993,1
-0.4857224070796065,0.8850792306524086,0
-0.997636663796485,0.14878474827848037,0
0.2773404395982227,0.9565437833848643,0
-0.4028420864845066,0.9113800404193431,0
-1.015656439866545,0.01983975825154378,0
0.156524059490092,-0.07530001771884043,1
0.12437315149483805,-0.00013477835177630633,1
1.6006535568012286,-0.3122220848325375,1
0.8765113790691148,-0.49755524154714476,1
0.09889121560604167,0.026673948965212354,1
0.6698267644517159,0.7611046011781926,0
0.9688992215481184,0.2694654550375698,0
0.9772981184984123,-0.5109480887894748,1
0.6085389948691463,-0.4344723480429697,1
0.9783477398879553,0.19495351399311095,0
0.0922062768945802,0.06910463785980726,1
1.4962071061833822,-0.3541995064502728,1
1.6502456635695604,-0.254635852843329,1
0.9133208272882526,0.40652155893674197,0
1.5721905925261366,-0.32879933115945054,1
0.7339357367029855,0.6730433570670338,0
-0.858910849487872,0.5190557969344342,0
0.5882092919824854,-0.4017386795691938,1
0.5646030741852669,-0.4023718412756424,1
1.1728112121667102,-0.48640258134219744,1
0.7282889621501681,-0.4697441138858331,1
-0.2634305764226836,0.954618701916305,0
0.20572198351368676,0.9701028508958115,0
-0.40887198875319886,0.902548674135016,0
-0.06817964349138779,0.9819239397655967,0
0.5958176016114708,0.7850396025741032,0
-0.8248835668039378,0.5157490035285647,0
0.6546428247618937,-0.42811105075974415,1
1.970388319579324,0.25362353270671395,1
-0.5225930692103128,0.8338229234564343,0
-0.4731796898043558,0.8681817633655529,0
0.2759179988926646,-0.18673260409341885,1
0.3589662298008149,-0.2777252093553441,1
1.4443846608282542,-0.3673295826954667,1
-0.9988130669386573,0.05667861553925365,0
0.023052101790806984,0.2935352888391281,1
0.18838872144227348,-0.07872458236896888,1
1.6434006256924052,-0.28063061456687893,1
0.021648703940974127,0.4121880626226313,1
1.084434066159824,-0.4982382614264046,1
1.8719507832585385,-0.025030501213075602,1
-0.40751202925888663,0.9226684244258536,0
1.1996879024651461,-0.480945106498593,1
-0.9954706488007999,0.13565948264218722,0
0.11594350710323474,0.06734963043426336,1
1.263535829865511,-0.47935743197854425,1
0.2529759690054994,-0.16825849913022461,1
1.0933657894915394,-0.4747062587466599,1
-0.015523896281998795,0.4589495598950225,1
-0.6920951528522123,0.7367413240722503,0
0.9419607840077074,0.3178395660771652,0
1.5278203394920322,-0.3696567301970018,1
0.9189581702121299,0.3732680740029235,0
1.464199186292096,-0.3720437310584214,1
0.8120916271220854,0.5573265221709492,0
0.2456108356701103,0.9785075163813498,0
1.9736161892170052,0.2813337957482548,1
1.1922616984067131,-0.4786455672830736,1
0.9871892363754079,0.1912969216613554,0
-0.0446002551119533,0.9995191347383828,0
0.5103407163200602,-0.3611587314567698,1
-0.5785078394195665,0.8256347911667264,0
0.9741071849098679,0.3206040903310852,0
-0.938058186378015,0.3517828977115393,0
0.2284901158373968,-0.12311040242674284,1
1.6175706883975316,-0.30256337116595045,1
-0.16512607169245488,0.9853069980657074,0
1.4719468478931355,-0.37997576120664894,1
1.7950362193088625,-0.12819912698326866,1
1.8646894123882376,0.012616160667560801,1
1.9998110142052012,0.33321740188516014,1
-0.9531084511672661,0.3112191086374471,0
0.6220133682440786,-0.4430256967167777,1
1.1565101161622613,-0.4678878075293396,1
-0.907743260600855,0.3986167240096209,0
0.7426890958640309,0.6574727496568284,0
0.9768410685297034,0.2625491955995978,0
1.3268826727451173,-0.4555854753513397,1
0.945815619680957,-0.4859843623775043,1
0.9802684466288926,0.20164295756054235,0
0.23635653287249145,-0.15282914051542543,1
0.03468718634451464,0.1678178227124527,1
0.5169420007668036,0.8583634950916583,0
-0.3779276681716514,0.9274350270899484,0
1.3429363527247251,-0.4376856729839275,1
1.7869590234658488,-0.10848549791314843,1
0.15608756680386365,0.9918957332707584,0
0.7082985804358766,-0.46420349942083444,1
0.8467467861254697,-0.4931430130903927,1
-0.329046908542886,0.9348123319605012,0
0.7758259028236023,0.6321372760039887,0
1.997361614780056,0.3614818902448314,1
1.808520017756756,-0.09118410389561603,1
-0.9837534325407559,0.009967923769833652,0
1.84085623219781,-0.05665537020222904,1
1.67204251253732,-0.25585793529358547,1
0.24337964626658393,-0.14009431025416147,1
-0.8437787127429817,0.5353489771266708,0
-0.35129766079357705,0.9573012193058024,0
-0.3612534746948434,0.9479463903419233,0
1.0080468785590435,0.09539111133480117,0
0.26036730087810794,-0.17486874483136644,1
0.025482135572010744,0.3213464148747644,1
0.7397791216138057,0.6598308314882194,0
1.991784630985898,0.4620269093714877,1
1.909235782580042,0.08583238699514739,1
0.41022431062149317,0.9082843649359956,0
-0.9432364825588035,0.3031020081182057,0
1.3511162699265589,-0.4357300375470818,1
0.04542863009081588,0.17080365892089885,1
-0.1781948714570972,0.9843542872794845,0
-0.7323425306178932,0.6570444504752153,0
0.9584727672674628,0.3327734577185944,0
-0.909120737782155,0.3946922772337156,0
0.09342875291020432,0.9888756098222266,0
-0.9269572016231502,0.380611233827214,0
1.696340220175173,-0.22777720572807883,1
1.9952695155745817,0.44556102372756445,1
-0.2407340955495404,0.9674416400798052,0
0.015187525594130086,0.36395560384256714,1
0.5544765409997805,-0.389628537841389,1
-0.30998539961944516,0.953524869795609,0
0.20292362129505384,-0.12743336989154455,1
0.009295982262331793,0.37716331090416017,1
0.8949657386354327,0.41702477912708596,0
1.4932858356782501,-0.3594595362456907,1
-0.45455034243467596,0.8851434531212264,0
-0.9272546682512657,0.41178195786402033,0
1.176012587648418,-0.49030529339481066,1
-0.9955167102657613,0.09813728450018447,0
1.9445198640569257,0.15303114027786288,1
0.910666176440248,0.4402705825258712,0
1.3032926191188172,-0.4458663216800565,1
0.09413916708664387,0.030342126885283174,1
1.3198316749693257,-0.44053401892736965,1
-0.5412406676491878,0.8518756387485881,0
-0.6260870997744015,0.7760096845799144,0
0.9886407441710089,0.038466652927946376,0
0.5798541920499038,0.8213662112546503,0
1.4388949852257822,-0.4028006667823499,1
-0.916124180094438,0.43140143982453366,0
0.4148269224499573,-0.3122520217886825,1
-0.9844860570981718,0.21638381307239996,0
1.7991802635654692,-0.0792032847000449,1
0.5039773474860991,0.8604739204492123,0
1.989807101915023,0.31042302300737445,1
1.9006284507166218,0.05713745488865061,1
-0.8943328834500054,0.47165304542016373,0
0.6633100082573606,0.7464332337002771,0
0.46181166912043287,0.8863189004533979,0
0.25541986774054176,-0.15785679158503244,1
0.08930112289686361,0.06900379047012421,1
0.3360863434895946,0.9405307103772895,0
-0.18741236233550582,0.976146048775577,0
1.2829015464275766,-0.4704889045879048,1
-0.5117061626958214,0.83997385844569,0
-0.984108731034487,0.1769245514597827,0
-0.3313680760553234,0.9497367439240951,0
0.5839581038276097,0.7975670677762894,0
-0.9707408916397543,0.2712506948207078,0
0.6954471799285216,-0.4563549364010041,1
1.901655199846479,0.04247165770546082,1
1.033603875249189,-0.5032895386128063,1
0.41859759401697516,0.8876982469422056,0
1.4727259100518817,-0.3978962917525603,1
-0.8637558779988216,0.4817270491638499,0
-0.4598378177959505,0.8879173293704247,0
1.2145833698731099,-0.4781079831972264,1
1.7112050339700078,-0.20656094194054098,1
0.3369625157323194,-0.26163990028653195,1
1.7442637107641672,-0.17988949363281945,1
1.9838938787106952,0.30592013287737263,1
0.6988071551936962,-0.456337070064707,1
-0.18516997725232281,0.9974619779585666,0
-0.016149429072612083,0.9985167409067032,0
-0.9779275589165112,0.23571192789133832,0
0.9899454253087614,0.12708054317147532,0
0.5252613391984764,-0.3889709306936766,1
-0.8933688094799987,0.464143114899723,0
1.8738598804537794,0.023789659665906467,1
-0.015929842202207903,1.0115828280949015,0
0.07210313879082512,0.16788733567428196,1
-0.9140151822165796,0.34587335006498976,0
0.8592804003691492,0.5211164949409233,0
0.13054229281078608,-0.008318075698481437,1
1.1619976163463135,-0.486451642352385,1
0.36250903624347375,-0.2702187779567783,1
1.9972351770138606,0.4908842022647226,1
0.05801893415767682,0.21307434903357458,1
0.48298608840700036,0.8807433759038868,0
1.9587445891518755,0.23736262109299894,1
0.2202965606943234,-0.09437147282375168,1
0.2709001541598285,0.9604616168906,0
0.1400868831194369,0.9859206816842723,0
-0.62842601265246,0.8085283102603652,0
1.5251246022233833,-0.3426788404119976,1
-0.9775671797932798,0.0957424262596486,0
0.9606270363362159,-0.5059905307987173,1
1.9210258277670496,0.12635281664710393,1
0.9463683000244031,0.2653834879640272,0
0.3292697346863236,-0.2279092891473941,1
-0.5908580425092874,0.8171370771226527,0
0.4671965931523259,-0.3637626992394399,1
0.8435958334877997,0.5425131485029059,0
1.361393980244001,-0.4319553443434635,1
0.05786997276990232,0.9879365093135344,0
0.3537207792403894,-0.24708898947833485,1
0.5152850085555973,0.8595034338500687,0
0.028613181137154695,0.2547175190611957,1
-0.9409105614430034,0.34167170670596536,0
1.9655444525693098,0.2570863674915842,1
-0.780706005859204,0.6038846783802535,0
-0.9700604554445762,0.21154925194077515,0
1.7092944272068382,-0.19843906152472782,1
0.4331912690865796,-0.3207453162846715,1
0.9368393037820213,0.35896764209074805,0
0.5258185888626228,-0.38146764150831913,1
-0.7711921707503726,0.6571813561171685,0
1.4821975601983461,-0.38423895484296255,1
-0.9894891598643414,0.06117028895538643,0
1.515006274300928,-0.3580472949145161,1
-0.9188156355649678,0.40930970357389534,0
0.6062066545299248,-0.40528007030172464,1
-0.5406005630726872,0.8506875195102024,0
-0.47281301689178984,0.8774140556799328,0
0.27583434295460757,0.9575193025540629,0
0.7066430719382839,0.6954882081272292,0
0.6852415477445306,0.737134930627257,0
1.3174286259868584,-0.4497913421082273,1
0.07796602646285385,1.0168230244782903,0
1.1363306749390898,-0.48532488484788444,1
1.3240872590081842,-0.44893750798707865,1
-0.2948223576127752,0.9356124335529992,0
0.03195233738409096,0.24034167170391826,1
-0.08046854714721428,0.9793885533892688,0
0.0017655208155509632,0.2998026532958241,1
0.7182480637116074,0.7028257271277856,0
0.23530954433053206,0.9553061542217903,0
-0.3534051023426264,0.9286092534757396,0
-0.4888964441450575,0.8727952952950463,0
1.193583087132291,-0.48831233542121466,1
-0.37099877300989176,0.9429146217368395,0
0.9280946947112328,0.3562866660575933,0
0.9152723815083291,0.4135352339362202,0
1.0086381751133202,0.059113150396414335,0
0.8128771595152015,0.5874480597579321,0
0.04137435750447519,1.0105055579247455,0
1.981898909571242,0.3089337893811245,1
-0.22823848308666686,0.9612899110980161,0
1.929967205781006,0.1917359377254056,1
0.9495135679459169,0.3363880355218766,0
0.6266869047798529,-0.43576216703519416,1
-0.36695627852506646,0.9442446657772872,0
1.3210103548161498,-0.435002512875213,1
1.9914304516415353,0.45356910341499623,1
0.8834627246518464,0.45640161147362296,0
1.7386026218630235,-0.17699754336872664,1
0.479700711685776,-0.3682531988160312,1
-0.3766952482525358,0.922655732710868,0
1.1981299169152368,-0.4797870167833788,1
1.8048016643912896,-0.10556891099778654,1
0.8373154930402796,-0.4909712052269358,1
0.012157681381496003,1.00398559357031,0
0.8838399428634552,-0.49582734730281797,1
1.9621909840656304,0.24822419668822487,1
1.0210858847958573,-0.50791511866254,1
0.12557358056376883,-0.009243215637581233,1
1.5489181602733124,-0.32944867508897124,1
1.9575451404496242,0.16392385136036458,1
0.9209751179529113,0.41493586733229526,0
1.8592016623424903,-0.01455628672539489,1
-0.9486594318083047,0.3387010974409609,0
0.2617498735106988,0.960582770472931,0
-0.9947081612399813,0.16924814365202828,0
1.310948173582062,-0.43917434406453276,1
1.3908996445831712,-0.4075349668530832,1
-0.9935923454846513,0.02021985496833763,0
1.270656017464516,-0.46189049144311495,1
0.9627549029866076,0.28438521434713926,0
-0.900326825384022,0.4244043646057368,0
0.04753829588478406,1.0115715589893048,0
1.9957824365749002,0.40619843313266296,1
0.19267609374970943,-0.08188964607101203,1
0.4733771735156704,-0.3509282602453037,1
0.9057538750650267,0.41924146770688725,0
-0.2827697528919982,0.9608612434066547,0
1.3095184752032198,-0.45733711899520973,1
0.04931227042529073,1.020711014122726,0
1.9908915641458618,0.45539757727035174,1
-0.3506319824177309,0.9326872810642587,0
0.9776351478203632,0.18860707089377715,0
0.42768233916643095,0.911796104876313,0
1.1838810552856234,-0.4859526935317052,1
0.533647743784553,-0.3744264474019209,1
-0.920191698907104,0.3889984883183886,0
0.7586303168324586,-0.4528984250935687,1
0.7832182022368543,-0.47345126290009437,1
-0.5724830919456068,0.815600156615223,0
1.887086984953477,0.05278290829966866,1
-0.993319753861812,0.1142834680901615,0
0.7618267882885744,-0.48913824856737925,1
2.031202374318314,0.49516858322339047,1
-0.9671792760841134,0.28138592437396637,0
1.8479851780165248,-0.02792652261099599,1
1.0280561639294352,-0.496791888662191,1
0.24253690171396486,0.9582525205022789,0
0.840714867843465,0.5172683639328813,0
-0.8952742486288429,0.4697060125076877,0
0.9160947532291198,0.3930721076230933,0
1.1526189794241115,-0.4772684731834465,1
2.001846477025363,0.3974718081849607,1
0.44915675770363506,-0.3569358555627883,1
-0.8044823642405216,0.585995534205372,0
0.3332969385160503,0.930916483851319,0
0.4882871956182662,-0.3810756745667365,1
0.016873680262007557,0.295338247450195,1
0.06532076512025056,0.1261463641650898,1
0.6561474448388593,-0.44265227682800407,1
0.10560539051501733,0.025286077100430335,1
1.979535733139346,0.40116556154073935,1
1.0824772549333666,-0.4943262944307123,1
0.8568931240779301,-0.4735842553288111,1
1.3269532987454788,-0.4847747723172908,1
1.7866770051268994,-0.0831813466514212,1
-0.2536907942451153,0.9629099774774663,0
0.7215663589221186,0.6969346735659996,0
1.782233679854804,-0.11637079419800711,1
2.0021333131441654,0.4750015084534544,1
-0.7992467621904511,0.5892803133644572,0
0.5904727704049841,0.8232838916912447,0
-0.6626972290779813,0.7583036425529235,0
0.48553439180366476,-0.35244898852658196,1
0.670562799247355,0.7463032022108748,0
-0.08249473348407337,0.9817716705729124,0
0.3131122232994887,-0.22897318344249767,1
1.978781624180575,0.2911445107974274,1
0.9663445673900157,0.2657335257936122,0
1.8233747291111504,-0.06869068095087431,1
0.0033510034916096783,0.38828717743639446,1
0.6625879808280486,-0.4395846721678473,1
1.0358690525044496,-0.5026200193487488,1
-0.3345311149041868,0.9486393751007817,0
0.29208613601798006,0.9651233176943381,0
0.4874909717089647,-0.34813885401674627,1
0.9348947578943844,0.3527776317032205,0
-0.9543795411256957,0.2685611889142422,0
0.9486857243018397,0.3003107621495606,0
0.23668627083591315,0.980760057190268,0
0.2305524335365186,0.9640532361116769,0
-0.7367547646788228,0.6716461511254469,0
0.6203871656447928,0.7968763869583899,0
0.9404759351235468,-0.49412110720639846,1
0.7779461719827749,-0.4731598638265328,1
0.2869676618305413,0.9521688221599784,0
0.0005854510920911523,0.3949085827923328,1
0.46870597422830795,-0.33064615254960594,1
0.25278634283113005,-0.14531888329378836,1
0.7906303174754677,-0.49084915855713995,1
1.8508957033218818,-0.005071708858577303,1
1.9791379534290534,0.21532421313939074,1
1.6640743616179912,-0.2571913293856547,1
0.7037488044379963,0.7188779847912237,0
-0.6310517142772207,0.7667970906573421,0
1.1759780153812895,-0.49140429309977895,1
0.7098712480549447,-0.4564986321486876,1
1.0011510006593443,0.11317863180920357,0
0.7517870001635836,-0.4566903281015483,1
1.6612391710555603,-0.23070053322843442,1
-0.6722437589309245,0.7284062098029305,0
1.8521162994999405,-0.03058693814456353,1
1.6335827679069137,-0.2642815401572105,1
1.254922102860498,-0.47207225409586673,1
-0.5620171786443413,0.8309249380838126,0
0.5017991279303918,-0.37696576732927817,1
0.03540199347145552,0.22727876613948902,1
0.6846596402936709,0.7400571421480636,0
1.8279642815817403,-0.07093372096251878,1
0.025458077629943177,0.9933151963463276,0
0.9828371927605115,-0.4799472279538518,1
0.32335022835575056,0.9512138945774391,0
0.4729218476030568,-0.3525907139095165,1
0.9870588594563645,0.13383688952696948,0
1.637930041479348,-0.2758773731772009,1
1.699552797200657,-0.22796512774851965,1
-0.7416280249462804,0.6636360265701258,0
-0.06209921242953804,0.9893787713843093,0
-0.7613960513372506,0.656508062916167,0
-0.35014775440362395,0.9315758463543669,0
0.3431189972959578,0.9472567590584222,0
1.9286302462775176,0.1021811693638908,1
1.7535682400329469,-0.16667440474343706,1
0.11047989149396177,0.04616051427328216,1
1.8591125014392371,-0.021518668579857944,1
-0.007344467719807459,0.9981630889987547,0
0.4859789513242748,-0.3498138300046231,1
1.7541874923252458,-0.1746507648953066,1
0.20131259299522405,-0.12015192351715522,1
0.9684552622162965,0.2695754007288986,0
0.1523728939942319,-0.019625716407808767,1
-0.7295940333319145,0.6764445556974424,0
1.5570707855031773,-0.32167620503513594,1
-0.7055707367015704,0.6699071060430153,0
-0.5506678965899978,0.845381053712678,0
0.16831297368511022,-0.06786181370740733,1
0.8060359910652075,-0.4809813645816306,1
0.4538777798579401,0.8921481946144385,0
1.3740382466490002,-0.4296984241540959,1
0.9092556106499049,0.38585431174699697,0
-0.6562380476090137,0.758770538290465,0
1.6008568312392053,-0.32290490428393664,1
0.7931114027823581,0.6288425647948866,0
1.659667259264846,-0.26331852670454836,1
0.6441116350501713,0.7783905518732847,0
-0.768365103954628,0.6510847129016396,0
0.1993150082220085,0.982530765538029,0
0.9506238336588864,0.34590601641022073,0
1.3956268220959274,-0.4091670725591586,1
-0.5787319063709497,0.82645134522237,0
0.4819011773048345,0.8884926921730366,0
1.5054192127167125,-0.3756168866551889,1
0.5235943449551258,-0.3875233265786125,1
-0.9920688388596985,0.04698957272461975,0
0.1924653403924298,0.9842491204698638,0
1.9870475668680854,0.44132768775697134,1
1.442273900740208,-0.39190629505525354,1
-0.8463118178314608,0.543405797164741,0
1.327417857952282,-0.428035374869394,1
1.346389936482359,-0.41896194303293877,1
0.3571791294835031,0.9268023013674537,0
0.9129980511860929,0.43424667724065497,0
1.259194438522131,-0.4538590756690301,1
1.8564250625918863,-0.023265391563337127,1
1.1196593158385997,-0.47655105306768664,1
0.3937101141246171,0.9218723625974692,0
-0.655318222416178,0.7718987516361692,0
0.011560717157858566,0.3714312586183503,1
1.8898105231452427,0.06602965092235089,1
0.011907532032311749,0.2986430246356492,1
-0.9682081402007369,0.3203836921189546,0
0.38928458579927266,0.9261254065255305,0
1.8822322455043108,0.013322515524872208,1
-0.9975201357234935,0.028987476814134758,0
1.1979560510061775,-0.4745450164195955,1
-0.9645594787974026,0.2128220707270975,0
1.602952331630551,-0.29309904333908116,1
1.5929761826898499,-0.3211077061489823,1
-0.8061713258265525,0.6038913696064174,0
-0.4979058472160665,0.8720901051733569,0
1.620449056780679,-0.2926483028976955,1
0.9866775134384993,-0.5129153602384603,1
0.697531637272245,-0.4471124517626237,1
-0.9839652699830908,0.131132620155695,0
-0.22482351280212048,0.9819232438707963,0
0.7270827838519203,-0.4826127914366812,1
-0.879659371908394,0.47782888430996096,0
-0.9958909835169809,0.07838116810152328,0
1.6197135409289518,-0.29246233020457296,1
0.4786532091887638,-0.3459436762570307,1
1.4793749266476028,-0.3681616070725607,1
0.9840903338677335,0.13671047557212115,0
-0.8945092117726775,0.43985940357759684,0
1.2183536566494064,-0.47767856607752673,1
-0.8429791425072546,0.5316771324311034,0
1.9844958739186285,0.3013753176828013,1
0.635722881483319,-0.44418715511000567,1
1.7600705341537008,-0.13137172170812567,1
-0.9391115378751225,0.3654477434319132,0
-0.9430330790595064,0.36642155512735813,0
-0.7471457869095237,0.6562616393148928,0
-0.16865922490160154,0.9936851825020838,0
-0.8031847657410124,0.604830588227624,0
-0.8057636923703155,0.57656627406328,0
0.9315034336183037,0.30582100063439616,0
-0.27440785317282723,0.960506575942875,0
-0.2557065837777081,0.9572921728131405,0
0.9486443497030873,0.2746403565917857,0
0.9210744180242845,-0.5054421847810874,1
1.8345998475385044,-0.03708293781309881,1
0.1261600951004152,-0.009829002692682325,1
1.3815093291190452,-0.41401739860457987,1
0.22952937730340314,-0.14601802749502224,1
0.3783480402381089,-0.2820065128055152,1
0.8827253547839393,-0.4898649005062765,1
1.4936135183262145,-0.38551091838224305,1
-0.9697872067531847,0.2552245220266812,0
0.9897648037722758,0.09660482456062713,0
0.5729749858681203,0.7975828961700341,0
1.9521925851093695,0.21197152792259383,1
1.8670919655132454,-2.6701061643731637e-05,1
-0.807571346341346,0.5648076382350068,0
0.5672825469853832,0.8187748276938224,0
0.9359152944791523,0.36542579276569687,0
0.1314261602349982,0.03263994558584543,1
1.013485006605959,0.02581113639424245,0
-0.13977560534055733,1.0067051511399792,0
-0.9257764329505279,0.4129412508731638,0
1.3538291734344687,-0.4176466900945195,1
-0.31984256958298113,0.9623513981189866,0
1.0808930540049229,-0.48459717814591785,1
1.510545766643645,-0.3289680797731158,1
-0.9262748495372307,0.3745560682959634,0
-0.09123341586008808,0.9852912737312636,0
0.004512551226266388,0.3343456644329051,1
-1.0064357398703485,0.12946560731160967,0
-0.3513103347514597,0.9363668615355686,0
1.4504134078510609,-0.39057733908386344,1
-0.9823932058632047,0.24050132036180089,0
-0.5112871726249065,0.8637384599011453,0
-0.7677136614302703,0.6332750414535928,0
1.0616789690783044,-0.5187790909254801,1
1.8435581806725168,-0.01668781872589728,1
0.8346236015624948,0.5328934088258015,0
0.2260431084310571,-0.1307326026913044,1
1.4265344203010966,-0.4128726732077204,1
0.5706241747995934,0.8187926159651302,0
1.0639176102859793,-0.504643116860117,1
0.26656771622274034,0.9669278902283965,0
1.3961299808874221,-0.4270820062167196,1
0.1149133813617419,0.03907268804611935,1
0.6809177973512107,-0.4606329360428529,1
0.8263745108133191,0.566117989758359,0
0.9258770680482595,0.35101961830797374,0
-0.047967917638746194,1.0027918202582282,0
1.1486128889840017,-0.48087397204886645,1
0.7419551806174816,0.6706302168509555,0
0.13038766005526403,0.003616456063904522,1
-0.06306099689221743,0.9905065918670504,0
0.07169346446731181,1.0001144316010409,0
-0.713575877036825,0.6881020907010329,0
0.8800273504857458,-0.4844692022874127,1
0.9940645940599617,0.019694753037062272,0
0.4174548836807839,-0.3232473821855134,1
0.5575197429046719,0.8316834067673424,0
0.8142869136818592,0.6026324765605107,0
0.0952820444113387,1.001665129652263,0
-0.7009032721178255,0.7102739601936584,0
0.44573162154912843,0.9046096602287229,0
0.3921069613450757,-0.29327840844385317,1
0.21692546440158217,-0.1304418842374355,1
1.9369510266987502,0.15228616869214362,1
1.9525656645203822,0.16515352007630227,1
0.015859180798386677,0.3313982516648101,1
0.034511124417989154,0.29326658943134787,1
1.1420325456866272,-0.5023595471622571,1
0.529495952020695,0.8417617872019806,0
-0.5863313436006335,0.825541481201113,0
-0.9286947475827083,0.34412772493427657,0
1.9064953775056677,0.1269532763790593,1
1.2024844289815708,-0.47893602540625113,1
-0.8620805356271204,0.4946035786759867,0
-0.9817935825449848,0.19769846222934462,0
0.11393148340758515,0.03100196588519826,1
0.9151758950823511,0.4263803425984001,0
0.36116611115122765,-0.26684150147718666,1
0.9370848070007554,0.36116330062324215,0
1.8919633962582738,0.04282536469664812,1
1.9268043545136084,0.09435470404193888,1
1.9709793555779602,0.24957271536053674,1
1.99605858508207,0.39970077023615536,1
0.016064429598610493,0.47272208472314725,1
0.8280502279571867,0.5240468521125252,0
-0.7913818333984916,0.610825376093191,0
0.9983333145388598,-0.5063811030900296,1
0.15741787499768795,-0.042798611639114026,1
0.0775005957621747,0.1334450298549344,1
1.5937387587137797,-0.2983602204252621,1
0.21970521806369628,-0.11469959998883458,1
0.1553992909032122,-0.0497586550487783,1
0.07704207540215162,0.975986768432592,0
0.41528121756308495,0.9208944988286466,0
0.35636227621965,-0.2513159201461172,1
0.18232572704241423,-0.0420039255362855,1
0.49937742338973906,-0.3529022964876066,1
1.5718358704281938,-0.32621283728493033,1
0.9767435670725731,0.19419878203155236,0
0.30498342590993915,-0.24043888247293893,1
1.910015436968773,0.10318526733710462,1
1.4530351103105068,-0.3830877150870294,1
0.314850168166494,-0.22579368560683713,1
1.5074378250027767,-0.36816192818988497,1
0.1036275904654371,0.0781922105119355,1
0.377906697439649,-0.26947589917059206,1
0.8573205770231602,0.5024630375045332,0
0.7823291183872442,-0.4986952391648721,1
1.4476418359443513,-0.38373354885010275,1
1.7952917087301499,-0.12058502872831046,1
-0.7417927864388895,0.6684368855802865,0
0.6417826336119118,0.7605864814443968,0
-0.4584445658125748,0.8977644040543128,0
1.7356709452030799,-0.1902444550023275,1
0.2686677527995428,0.9599578522172652,0
0.5460726146012841,0.8263195721091962,0
0.29982920003457575,0.9623943187321826,0
-0.7352167761952251,0.7003386074895203,0
1.9141020615650743,0.12929560123824857,1
-0.03255656010226078,1.0020152813966134,0
0.7924064021240075,0.6033318502753741,0
0.15895569112807495,-0.032855708097659954,1
0.9996011363738914,0.14255574638659713,0
0.36481513479664174,-0.27893292044237283,1
0.6137424475291251,-0.43121844059292985,1
0.9901417252913667,0.12829502331790446,0
1.0738741280663957,-0.5009792184265348,1
0.9477649245944834,0.2940357404700326,0
1.8345833913714504,-0.047750045396527864,1
0.8765195636484739,0.5217422992691926,0
0.5219414488645605,-0.3614541048735081,1
0.057607010076829564,0.17526789743051185,1
1.9967977830676569,0.5014002003267275,1
0.9000660081458368,0.44199308404744025,0
0.0779034476611727,0.11983272427980592,1
0.7576721285639542,0.6751033379204219,0
0.9875920269351526,0.1511917693860995,0
0.7825665053899163,-0.4846058490631715,1
0.0663947121808195,0.11555136240428149,1
0.007692432705917207,0.2775617850565276,1
0.2577288805930813,-0.17377164631430247,1
0.22304492907304568,-0.16375458359986872,1
1.6109937396163299,-0.2893108518674543,1
0.8321489216669737,0.5508696993041721,0
1.3683201409687635,-0.43761507287447715,1
-0.5719125552144827,0.8235769097440124,0
1.5330790237421579,-0.35791931675424465,1
0.4432524444038073,-0.3245488635992637,1
0.7681012556235098,0.6215105838761638,0
0.21993830187139474,-0.1029588478185438,1
-0.2698123388951106,0.9535733748951926,0
0.0025404169281167273,1.0020480839081936,0
1.0018324946527855,0.15405285574984512,0
0.052982430864258336,0.2662407528176591,1
0.938111192028733,0.34660755345012817,0
1.9176659184214249,0.09006446240434325,1
-0.9815880202307156,0.13212389655793955,0
1.3283039756164376,-0.4574581673330338,1
1.9746790573174708,0.34215887772540604,1
0.13223547612193892,0.9876933978372715,0
-0.26078123532159303,0.9546335581018951,0
0.6024025303432052,-0.41287932187186244,1
0.7678932484871885,-0.4622496538207362,1
0.19487235836356226,-0.09215354176874545,1
1.5472249426936562,-0.3596739925363997,1
0.6616608739742218,-0.4439329820242757,1
-0.9865396693854638,0.18353132892307278,0
-0.8159830790401059,0.6123900464674625,0
-0.08035791044175011,1.0002821705950986,0
0.5842835173151449,0.8157534372670378,0
0.6756640032575821,0.7500410233445928,0
0.8673684167648223,0.4937849186556453,0
-0.47287112248787044,0.8784382715745592,0
0.26118596342828443,-0.19119886564736327,1
-0.12754255977698847,0.9887252212414654,0
0.31747267162227,0.9741404588393618,0
1.25039139849429,-0.4785330742106692,1
0.5583988909871358,0.7987242121391815,0
-0.34174883054859,0.955801217362995,0
-0.24948882097643513,0.9580799211853464,0
1.0155320884043968,-0.49406539237221503,1
0.9481407395131861,0.33535462199713767,0
-0.280185347137952,0.9473785875318504,0
-0.0049703259480470136,0.39019674325339865,1
-0.9853402349717013,0.19522953490335293,0
0.5937882443374684,-0.40220443699696207,1
1.3539263485025632,-0.42822869675749853,1
0.7281355940155434,-0.47073824920631024,1
-0.6074041953543199,0.7779959952291122,0
1.2402751509509429,-0.4867786575362438,1
1.8912650873231482,0.006070963900148541,1
0.6079557160007687,-0.40414125545471946,1
1.6204304160334226,-0.28917423238297046,1
1.3509128038193534,-0.4200355542659197,1
-0.964552824848638,0.18453949968765412,0
1.0017873351926008,0.1699510234537107,0
0.055577159042556584,0.1396509263686415,1
-0.7722678743876193,0.6260241121214498,0
0.9105031111808995,-0.4963205599088892,1
1.7382468401170288,-0.14388881065906917,1
1.9257262964608275,0.18834519080526776,1
1.494369327459543,-0.37892260569570235,1
1.8645493614033235,0.0011586039938707902,1
1.0862479702468453,-0.5016394524843621,1
1.2480885729715965,-0.44230987333293503,1
0.9758802595831383,0.19120112403870201,0
0.417157418914656,0.9015817483044654,0
1.578630948931777,-0.3529200913813959,1
0.9965146226284586,0.10376044564163991,0
1.640141976046042,-0.2864025337147649,1
-1.0029233702057558,0.03621616866194075,0
0.3259574426443119,0.938824153399665,0
0.051144495131873045,0.18618688826391241,1
1.681227680959645,-0.24606265815666498,1
0.7132203841563437,0.6885195485630958,0
1.977755812549105,0.3144325389406241,1
-0.42691683082669,0.9109497415748246,0
0.4310691149347486,-0.2936349091152826,1
0.10937509412167039,0.04341821044438589,1
0.018282906417000193,0.29096159486190504,1
0.9907565029759934,0.07222197377596178,0
-0.9854490367351908,0.22375643947418755,0
-0.9747636800855461,0.18230376776832527,0
1.1390842556252772,-0.4835210946371394,1
1.7376115093357911,-0.17520185165812505,1
0.36680573236409136,0.9224548108200943,0
-0.9543331807512152,0.2466421491832911,0
0.9701353993769695,-0.5012084810669005,1
1.599776816860121,-0.29821606284330987,1
0.5255472879698344,0.8621261109924078,0
0.3638547642382842,0.9318141272017837,0
0.6786144211388745,-0.44024829143596866,1
1.991265311256683,0.4023390868464926,1
0.5031168431672037,0.8570943235713993,0
0.17106341890300203,-0.07094064218931057,1
2.0135028799790002,0.36745635207498223,1
-0.19307732061979643,0.9820264930747675,0
0.5648558662079508,0.8327027174151956,0
1.8411054049709958,-0.06147655197429931,1
0.24894819314991276,0.9643986721788222,0
0.02613626666260509,0.26705904686173687,1
-0.8658263578009338,0.510636673276161,0
-0.9995274816393102,0.044455132194091196,0
0.6137449920146268,-0.418251005239664,1
1.1742162585558726,-0.4986299345326732,1
0.006184081924692346,0.378746166863148,1
0.8476956604242625,0.5392048767697982,0
1.9666333020827205,0.2487805134724046,1
0.7912871822256177,0.6053769880139671,0
1.8999553635785997,0.06105267692383545,1
0.5449742308616097,0.8278761098571178,0
0.5016975349599412,0.8606437749220401,0
1.0086233798857953,0.013134866262255754,0
0.49026848008387863,-0.35264403810649225,1
-0.9237442760387566,0.379465431397165,0
-0.8732280909145796,0.4675228096671885,0
0.8622482706279264,0.5019111941895122,0
0.11635916287383076,0.9936068611068587,0
0.3373887610890122,-0.24160415451697823,1
-0.9819085289193834,0.03857576641883344,0
1.7570220091154378,-0.1493293552796431,1
0.583806977207721,-0.4134379451762585,1
-0.4909949333195603,0.8744480952230483,0
-0.6626827793854693,0.7631773689110674,0
0.0028527183993631157,0.472468529746918,1
-0.8451314596160611,0.5114655955449232,0
-0.8070718511343733,0.5669083662639864,0
-1.0124085921935142,0.03416735110319114,0
-0.9206847866657223,0.32796736942303206,0
0.7968660218671172,0.6217977171793843,0
1.961352314313313,0.23420016433533591,1
-0.5155214315801179,0.8657174325519446,0
0.5863208306394386,0.7956293664471946,0
1.9961507407623278,0.44236377100353436,1
0.993082592734365,0.14284371589902997,0
-0.10963213693935618,0.995086849717903,0
-0.19805653947650342,0.9713056850381199,0
1.9840894094011592,0.334065449550461,1
0.4748091185901796,-0.35696734002530944,1
0.3713652540619559,-0.2798390598699431,1
-0.9821963030339985,0.13607755650506442,0
0.9717002374881288,-0.49101695829322745,1
-0.8771694488265127,0.4637554816813363,0
0.34765762487164226,0.9290253515947217,0
0.08576625310247823,0.99671595272698,0
-0.4332308222376391,0.897887953822256,0
0.007455761674672509,0.3906408345840148,1
0.19161963949135571,-0.11321086644647758,1
1.9889491922386606,0.34105220919480406,1
1.1058118059624666,-0.5042670299533594,1
0.2388306170314963,-0.12911539445299614,1
1.957429537361813,0.18329451229734983,1
1.9994867590745506,0.4069251493175033,1
0.293437871959155,-0.21221779722211317,1
-0.37485521267516236,0.9333150895412888,0
0.7730235869706563,0.6610613535100446,0
0.7190347806798574,0.6739929865557168,0
-0.9838328704008087,0.25635904335478576,0
0.12427401695408294,1.0002906397144244,0
-0.9467194252242149,0.31609919587009616,0
0.5684873979295324,-0.3860474341801788,1
-0.8768981707415586,0.4716115264540963,0
0.1630746219431315,0.9911716350851848,0
-0.9348376458259177,0.3935886985801077,0
0.360182999180217,0.9240450468260923,0
0.7284610545798013,-0.46644150206767243,1
0.9546855801076277,0.22771110324653152,0
-0.59402196792225,0.8015959682614511,0
0.5375708440431997,-0.39425097611136795,1
-0.28149405203116057,0.9580840365604602,0
0.6598681146627642,-0.4333322408663468,1
-0.5832492767462948,0.8089896070525968,0
1.6253112430988788,-0.28524457444376294,1
1.9503713630962296,0.14692751846320629,1
0.4410041329625492,-0.33565524674408953,1
0.9013573815730407,0.43679850535179354,0
0.9819190571577429,0.06451853259809559,0
-0.9766211533428588,0.25282850747506913,0
0.17194338436252996,-0.07009014381135958,1
-0.1898937170751905,0.9729378728440905,0
-0.4794683077353256,0.8766573703040591,0
1.1633381292328795,-0.48420248410803707,1
0.9473301510760502,-0.4888106482719416,1
1.9466480257518528,0.24168644563573605,1
1.7941556985108882,-0.09742188316803055,1
1.3855442493069503,-0.4359965547699421,1
0.9034755680885016,0.42078857505363637,0
0.8301266876456425,0.5364951292506733,0
1.9794487239757315,0.27887760479624873,1
-0.14381250866548562,0.9730615637575322,0
1.3970959542258024,-0.4299190897184933,1
0.4013153220842981,-0.3126306803956487,1
1.6011697318923248,-0.2911717298329169,1
0.840532435704897,0.5798328069905839,0
0.043927459778919854,1.0040668474841719,0
1.950473481384429,0.18919323100799473,1
-0.3903903156930492,0.9015184639602601,0
0.8755117841939847,0.43403190061064323,0
0.9332063001847666,-0.5049715491111834,1
-0.5907876890438433,0.8192075364949166,0
-0.9822129824460472,0.1360664547155825,0
-0.5881026684812128,0.804398561893745,0
0.09936047778970632,0.0666836354849992,1
-0.05400204992216604,0.9990090525341141,0
1.7765815648394763,-0.0935124775922852,1
1.8916033983910367,0.018177149177525186,1
0.2852321760175561,-0.17554740527750198,1
0.013500117136289267,0.32577347612563046,1
1.5487324981080357,-0.354405190939052,1
0.35992819480873445,0.9359173886440334,0
-1.0060598565318062,0.16358928795691483,0
0.18271982334533712,0.9834122212564783,0
-0.22582646804498413,0.967797925162674,0
0.3733299971889537,0.9236328965292679,0
-0.21900561527810883,0.9736376855572904,0
0.7206871413307777,0.682240174422084,0
0.016847271727077073,0.24379721139632224,1
0.44159239406157186,0.9006905028775107,0
1.8318725897055588,-0.042413143070130895,1
0.033951417871057765,0.3518938524071462,1
0.9388623526311994,-0.48619947296122956,1
0.3679153727333815,0.9291980235599845,0
0.09389900568626125,0.9836463988685463,0
1.2705394713300535,-0.4676288491918541,1
0.7080005135617693,0.7141583359438419,0
-0.6690240910047885,0.7521169650194259,0
1.005335809352045,0.1406733542755641,0
0.6726489523640813,-0.44711720137027555,1
-0.7108129057626779,0.7197570766956393,0
1.9656521970196368,0.21485165310008494,1
0.012952255579616396,0.3000651319413139,1
1.1385503094693774,-0.5040246999967841,1
0.35114729711057335,-0.2662675330778052,1
-0.26681956885309044,0.9642609006523546,0
0.3765545211076942,-0.28202972161375645,1
0.3902733624679876,-0.29648356402875814,1
0.025530836533779855,0.314479300233584,1
0.06979028635761532,0.10179634004226913,1
1.9996640974468842,0.32179700235282366,1
0.1802043946247777,-0.08605214852418876,1
0.6942219639163351,-0.45511753562557145,1
0.028444857179180286,0.26287309068044207,1
1.9779964290819587,0.3096873385261963,1
-0.6664549264235444,0.7519700042577874,0
1.2095985666775535,-0.4857426551871265,1
0.9515482322105341,-0.5109768570819748,1
0.9639694992713924,0.23544949981764793,0
0.5382030867970199,-0.3905539747791966,1
0.06050622658944112,0.137017465152187,1
0.3473122400105826,-0.28377456359566067,1
0.005877606672543659,0.47479450943143936,1
0.207454307675856,0.9701920732224857,0
0.9894238398761622,0.01724913794181887,0
0.2836801888904373,0.9504201590051846,0
-0.2885749091855333,0.9546223936031251,0
0.8633425244800472,-0.5001735315084409,1
1.985325525848909,0.390058489194549,1
0.9964530840881074,0.1238566402621373,0
1.0154931172598018,0.09375726211795704,0
0.7765170046653126,0.611304606263009,0
0.020410811101063853,0.3534465995456148,1
0.6495666336907177,-0.4274705737357849,1
-0.9453444988770939,0.32676139764414097,0
0.2858669303990597,-0.19925966833426031,1
0.7069045727031243,0.6968761482443754,0
1.2114938578182313,-0.47267136383357955,1
0.13611702384763852,-0.020145457708885386,1
0.44660655340001365,-0.3342328980096055,1
0.8674189985121512,0.49596978510970235,0
0.4758758277067461,-0.33773198561792017,1
-0.7647668560942941,0.6690523604687899,0
-0.9807968678407768,0.09596194599159778,0
0.8807700661146575,-0.4827603503178464,1
-0.47885462336677254,0.8886441631673447,0
-0.2122730910204009,0.9700952797945703,0
-1.0030229757111604,0.029042368460972197,0
0.5744720851972445,-0.4144706620300916,1
1.2561105479546295,-0.47530949766460917,1
0.26001336595540747,0.9540877901007401,0
0.5623442602012234,-0.4121473323561301,1
0.2502013276359502,-0.15210233342781804,1
0.07044724967302816,0.15988582413159827,1
0.008491750363574387,0.9855379029657376,0
0.3747834193479128,0.9251516453874878,0
0.9031355130665772,0.4342992398182837,0
1.9553728917348714,0.18880189767261202,1
1.3520573865797028,-0.4326124577769361,1
0.8307669663816662,-0.4959306279364213,1
-0.9441581812064278,0.3755465859863277,0
-0.0033259712345314802,0.4829003171083882,1
0.0156459941012067,0.3190702979309797,1
1.0096835526208607,0.05437762888046002,0
-0.757676926248667,0.6430905160363992,0
0.22759768339204695,-0.1385030278326814,1
1.5449714250503512,-0.36742292365524465,1
1.0334195087407523,-0.4915876117970843,1
1.7267049800498886,-0.1925432424533455,1
1.0034879540433097,0.04867472636872235,0
-0.15141229464913103,0.9988665690255026,0
1.3485857808587802,-0.41287077226131386,1
0.45006047566869484,0.9017888506190825,0
1.975347328811845,0.28241486285298956,1
1.3788319651185297,-0.43004290512792875,1
-0.35320826915828746,0.9467049881825776,0
0.9995072160773617,0.09535697729993563,0
-0.40416108509015675,0.9326901943557789,0
0.8500145000567139,-0.49177547373475455,1
1.730157915303703,-0.1641938116087238,1
1.132621254120822,-0.47118063226245177,1
-0.4640404886818058,0.88162117873269,0
1.9005996266325105,0.06659408372951667,1
0.3591566353414971,0.9107147839216193,0
0.46973274550783767,0.8772707616436881,0
0.062063090700303414,0.1551266613509133,1
0.49817695517665994,-0.35462893724641636,1
0.7342894992737324,-0.4621484361463846,1
-0.9196783472129957,0.3614945978768974,0
-0.9701496665018118,0.25894876190859584,0
1.4071419519661101,-0.43123139140020855,1
0.9337347037383755,0.34932303358757166,0
-0.8921671477121201,0.4442464975505111,0
-0.28670899327384747,0.9737767757163626,0
1.6376494676392308,-0.3011482966158957,1
1.9958121430502682,0.3530850742125617,1
0.3378699347999132,-0.23318584951848303,1
0.9486934585867791,-0.5013315816279376,1
0.7043210549871988,0.7149995386899852,0
0.4889725620109097,-0.34641920753426597,1
1.848254116694036,-0.020063768783142876,1
0.1925580237732754,-0.10649130086945796,1
0.7104072523406162,0.6708975773867903,0
1.9892127160160467,0.44277277791859176,1
0.5153600516089845,0.8319364288876798,0
0.022997659461185635,1.0002551913481628,0
-0.6342251333947185,0.7537834981349518,0
-0.9852434441658026,0.12246492630980851,0
0.13223140393864036,0.02689387727943415,1
0.43183395980566075,-0.32478214204922734,1
-0.19278784774325575,0.9895133990708221,0
0.5153415942383015,0.8635581200667884,0
1.930026819406925,0.11822844816187349,1
0.028906899898299025,0.3325259941600055,1
-0.14223775824478363,0.9888179573892943,0
0.7721469859250139,0.6137040982459249,0
0.7928692040623093,0.6160239039463508,0
0.30896518801606465,-0.22711717493855219,1
1.4041872796175805,-0.4097066297444674,1
1.6817675403427528,-0.22605813435662497,1
1.227130204100753,-0.465774953564001,1
0.6632413147407247,0.7605241612124933,0
0.9238682329810167,0.3888851464570418,0
0.09466985661889994,1.001427651504105,0
0.7284253497552714,0.703732160010442,0
1.6552453437809398,-0.22584720300478722,1
0.07186477989937776,0.18569968270329532,1
0.3382929381601705,-0.259057793789585,1
1.5232352028626392,-0.3414388148348496,1
0.623349621799761,0.7811074474245714,0
0.6140534755705573,0.7747542256325076,0
0.029090610105344153,0.2818230680579422,1
0.6790719556706594,-0.4422532234629077,1
-0.006822275863248356,0.4181732044402981,1
1.2240530984226279,-0.4784010466978274,1
0.511325171899364,-0.37946886733217305,1
-0.01961065988105092,0.9864496747870662,0
-0.7276422858072847,0.6854578495908235,0
0.9532896876419615,0.2834646186742904,0
0.1867924063923275,-0.09531140911728316,1
-0.983456070714826,0.012356349959796122,0
0.4159797094956861,0.8883260210290308,0
0.6331941169995648,0.7890085690913916,0
1.2012801197574945,-0.48282593098839344,1
1.7555302062085272,-0.16709855777375754,1
0.4897677441792495,0.8805145919186431,0
-0.9880589613233983,0.12138805065161351,0
0.014418048948923724,0.42673990842695525,1
-0.787790152049197,0.609975161858815,0
0.983873093805408,0.13414317282963836,0
1.3491714491962152,-0.4332295386641694,1
0.7526562884615586,-0.4569321262115155,1
0.05717317538977012,1.0020508863067372,0
1.0037335878599067,0.048397008960637096,0
1.7767331391847037,-0.14761133943409976,1
1.6571156032113512,-0.23579057892560024,1
0.3877974041618934,0.9217136820974323,0
-0.5313465874423055,0.840472349467343,0
0.8389235556971926,-0.48419670780701085,1
1.8139180281716794,-0.05261093572023493,1
-0.5324871245504226,0.8485303381587178,0
1.248168112081942,-0.4680575645461791,1
-0.5339329755459415,0.8452301981531619,0
-0.6585741565146926,0.7288084926947511,0
1.2002357209838925,-0.4744850385230508,1
0.03566376180897912,0.2603076247615869,1
1.612746664112335,-0.3049329700037965,1
0.5409436120757097,-0.3781527427882027,1
0.9824447153125319,0.24325711385589752,0
0.12438869627691915,-0.002455068517038913,1
1.8266630227054474,-0.07269166751720466,1
0.11571040181642146,0.9838891189296461,0
-0.9879548197727791,0.05607402466345075,0
0.7907120289241186,0.5834400714023864,0
0.984888806147572,0.03429819562854981,0
1.9838851991038484,0.27492012136446303,1
1.6784440292298692,-0.2291219032178847,1
0.3465794430193904,0.9346256556555308,0
-0.11457492204280897,1.0037651488671098,0
0.8653569544047244,0.4773684562551556,0
-0.07898538169127928,0.9997062410307758,0
-0.5031634723665137,0.8733396358397146,0
1.9835841261375122,0.3094412444655109,1
0.8625073700909891,0.5146671698902661,0
0.025588639853326864,0.4118900449151463,1
1.923207265896806,0.08993451215930855,1
-0.4818002210032438,0.8922261443620855,0
0.7012306759150717,0.7083772714228133,0
0.9126941536627678,0.3938171512102562,0
1.0214334821174214,0.05446256702131377,0
0.22717753414332972,0.9893189095031883,0
0.568127146793986,0.8115414100912214,0
1.9918450802552157,0.3530789316121919,1
0.811582771388577,-0.471690163182574,1
0.8364543982340338,0.5793388424287479,0
-0.7957371851420871,0.6116155562360577,0
0.7516302924519802,-0.4852245719921045,1
-0.9022816836541446,0.4245746432061226,0
0.49099095877556753,-0.3685508631056569,1
0.3253077404628518,-0.22490534085678116,1
-0.2742530076500721,0.965301681737062,0
0.8632618773857712,0.48596155481682174,0
0.34084599601857113,-0.2629727537971174,1
0.6936576561008642,0.7414035134444098,0
0.1762846587167061,-0.0692846676144959,1
-0.1679876023809053,0.9948157308025807,0
1.0636590828221335,-0.49180493639983497,1
-0.9761855055924171,0.09336089717565466,0
0.7144608950130207,0.6789387375505954,0
2.0100224680370893,0.4461380955844853,1
0.04259955426519941,1.0108730673573079,0
-0.5399127806542936,0.8507829709334684,0
1.0094539424044178,-0.5089316555201001,1
-0.3960243479005694,0.9190287477361766,0
0.7738448937886473,0.6176670552731017,0
-0.9769136321689432,0.20761548774468785,0
1.749331787738766,-0.16178375897852545,1
0.6601992778356323,0.7184845450652612,0
-0.22842285953159985,0.9654013753004919,0
0.886286515167928,0.4428874304024796,0
1.3301937734157019,-0.4401403885017154,1
0.6745858309326499,0.7304993841315264,0
0.005268526322073034,0.304050335927471,1
1.7285578816576663,-0.1687199519693546,1
-0.9708264299203269,0.12244840712391879,0
-0.4836687044144229,0.875364556037409,0
0.8197594415376178,-0.46361172711746396,1
0.40203537939031014,-0.3068168667786618,1
0.2173785551117952,0.9657073149781041,0
0.3822682830136212,0.9277187914157163,0
0.02807059979214971,0.9971613084565147,0
-0.5190342908223708,0.8425381591824369,0
0.029725958422717202,0.3881840535757927,1
-0.672020776032792,0.7676744894960731,0
1.6062201961229379,-0.2956215886417161,1
0.19148101320986355,-0.1208212018351242,1
-0.6086817231161472,0.8127075262040881,0
0.001002738114647713,0.4847859614042954,1
-0.9669834465344723,0.22583626103722612,0
0.635430286225459,-0.41908677040571984,1
0.19865715093409855,-0.11857851649482573,1
0.6941821131433408,-0.45751584830699693,1
-1.0161297602459687,0.0016153661763363483,0
0.02732972134715361,0.4423123398926873,1
0.8182277172901905,-0.46019015605174973,1
1.881284715697503,0.02422104682298485,1
-0.25321911989027823,0.9438376139741024,0
-0.6906425109265533,0.7088240778370031,0
1.2385819121773824,-0.48923972217829875,1
1.9333326245696763,0.1463766434017681,1
0.8042616870292506,0.6179116738783766,0
0.9775558148581527,0.03516685918182548,0
-0.3617848716236341,0.947360177919965,0
1.3942585705758788,-0.42211827503133265,1
0.5490492937711285,0.8166304812480959,0
-0.0036438037728812062,0.4989837866006739,1
0.9881223055731333,0.023528977745610743,0
-0.18487304363237167,0.9656709278374251,0
0.2249055688209473,-0.1317535708323401,1
-0.7777593977344004,0.6375463222437548,0
0.2932309828915553,0.9547896658677556,0
-0.0464748511958661,1.0090809431972534,0
0.20003178804632102,0.9821262333509908,0
0.9811985033271677,0.10458409768638875,0
0.23900507081528727,0.9699595605162736,0
-0.011753519988542942,1.00343027025257,0
-0.20527229094196597,0.9911851395635652,0
0.9672354033391651,0.2627054743306939,0
-0.6437617696917627,0.7457306207240386,0
1.9624124531664497,0.252374931900239,1
1.121260091039167,-0.48694716426989776,1
0.48782128816560016,0.8835752064040089,0
0.2683539847244474,-0.1822531597568131,1
1.8875705881110998,-0.006293196005827326,1
1.662240875036752,-0.23798605834125966,1
0.982505652873721,0.1518604151081457,0
-0.9885758424158966,0.09912950830288672,0
1.2734684806963605,-0.4413675503551611,1
0.9800941927193928,0.13496535656054695,0
-0.3666215189787246,0.9303232697606505,0
-0.01571322549151202,0.430585080441338,1
1.9882840320676454,0.3129630458574534,1
0.9861678918259699,0.1220427963639725,0
-0.6538314284374308,0.7739247274871717,0
-0.7402732807094516,0.6881929255678916,0
0.040966558699427585,0.22937092389904903,1
0.9894123417426858,0.06815483922231165,0
0.9953214043653511,0.06191885988082227,0
0.5991087771253304,-0.41934507715611563,1
0.5643724351705609,0.8434755955072073,0
0.1373015342146686,0.9901204687576264,0
1.7297124980293432,-0.16774126240877477,1
1.6058074388165162,-0.30138318537373165,1
1.0002972157766497,0.007005128651283695,0
0.16561321422419265,-0.045624300519067,1
0.9853077070334717,0.0873836612948799,0
0.04481813154985261,1.0003875952486219,0
1.2018857867532136,-0.5209650426610086,1
-0.4142453284688976,0.9084533973332042,0
-0.5279994661469299,0.8458361220429605,0
-0.38352795361137215,0.9198639897360554,0
0.05299294012814073,0.2103743854236763,1
1.7658341399161062,-0.14778948843218223,1
-0.15386232498265615,0.9777606283820822,0
0.5125586784371523,0.8671346502272527,0
-0.6022985403105158,0.7865632336187021,0
0.5877917905044876,-0.42456036225874594,1
0.1606288092616945,-0.059942180232266884,1
0.6256622221212809,0.7628796538681883,0
-0.5707510017025762,0.8212033963913767,0
-0.3414599259958523,0.9350631558327932,0
-0.8964036667299006,0.43240661435617994,0
1.3908532752296139,-0.41987171258659217,1
-0.946393981682924,0.301333548028147,0
0.8698627852092082,0.4606438942940539,0
0.6140188320157823,0.7880018982553564,0
1.2301728006232124,-0.4912614665364219,1
0.10334228136413326,0.07967096950450048,1
0.8810809404950624,0.4815986785987928,0
0.487209017765481,-0.37174334873426357,1
1.965283012471664,0.26465323665504836,1
1.0009673114680269,0.045641227322525735,0
-0.8888049127089327,0.42933144188684647,0
0.4214494007439066,0.9118769927563204,0
1.9574211229868081,0.17969911124016497,1
0.9536493160526334,0.2819128089583051,0
-0.3995881202077454,0.9274010548063187,0
1.721222535594106,-0.17363602922681054,1
0.9882530527518367,-0.006236408183294188,0
0.6363545614450792,-0.4579278149156322,1
-0.4319624786574853,0.8894824620374294,0
0.4171494858784972,0.9029375869784874,0
0.6202967098116253,0.7937197450302664,0
0.8059475841597994,0.6029195076224957,0
1.9971006218453304,0.4340054401114171,1
-0.595861305155447,0.7987073319510442,0
1.4057299613189322,-0.40502540191707953,1
1.4840277956271157,-0.3711517722208616,1
-0.47400579142382604,0.8900554402895402,0
1.8769307642928024,0.03394665607726691,1
-0.04591134600375756,0.9873842656285681,0
0.7966826206287628,-0.47855433546924686,1
-0.8206290387505881,0.5788636544201601,0
0.46620495088028974,-0.35398799815964743,1
1.9844436716377247,0.2861275069915417,1
-0.5347734856740847,0.8332417256607786,0
0.013814630199375899,0.24126265923857637,1
-0.80653635485825,0.5999820930104681,0
-0.9516014023281067,0.27516766328209563,0
1.945519541974873,0.19922385259659298,1
-0.12043871950355071,0.9877384821326576,0
0.006126989501000067,0.4438682277043089,1
1.9196942295772974,0.10090516017232734,1
0.027325348444726724,0.2978165741118764,1
0.06676653597431656,0.13583134378973805,1
-0.6562011668104998,0.7760693505736684,0
0.7206019122653677,-0.4596960829328637,1
0.7348945286802079,0.6751382559213728,0
-0.9140626683283795,0.43588794893996324,0
0.9081637034988344,-0.5154849264083585,1
0.6868996824566455,0.7375297061442233,0
0.0641101661500366,0.17444347904939586,1
0.15414281487932904,0.9870181419379702,0
-0.9042190994279631,0.41336736618073244,0
0.31734446406892497,-0.2341281052374682,1
0.19060365724231149,-0.10506074924933032,1
0.12584857074706254,0.9988075794252659,0
1.9359505296427124,0.14839135170873338,1
0.9545070433174863,0.2523700623986687,0
-0.4515727457880064,0.88875379016782,0
-0.5420769989680146,0.8365956457267854,0
0.37085456438756753,0.9172366513509039,0
1.2620333265795618,-0.46505858098949476,1
1.7858871428175267,-0.13172340549452838,1
0.4976803403810966,-0.3671142213125414,1
0.8428379186884837,0.5279873154083236,0
-0.8939756880657554,0.4507810808579594,0
1.7877164848271578,-0.11281741444732378,1
0.7039416523648208,0.7129769610976919,0
0.8524344068704348,-0.4944334229846639,1
0.46555464765685955,0.8788920923761075,0
0.08886931812259007,0.07662594184335188,1
0.7838265488280702,0.6329090013027304,0
1.9962038622977192,0.4105938733080243,1
-0.9583908459120362,0.2856443436732056,0
-0.6430073298389208,0.7561322810705732,0
-0.22370493989671847,0.975810823095164,0
0.03616015045109856,1.002925844531937,0
0.9980111237928229,0.16339566536566177,0
-0.74734521488362,0.6785338116049985,0
-0.7123502503678777,0.699456428440647,0
0.9868281905957343,0.1786918583477336,0
0.697497098015917,0.7297655255923952,0
1.1610089742972411,-0.4624250328211365,1
0.4834851282921115,0.88549443234856,0
0.9988169248346631,0.07052986958172017,0
0.2703537446910633,0.9534709233538351,0
-0.822067158996869,0.5519632653238805,0
1.5172046740564749,-0.36587123172164093,1
0.5667589655661188,-0.3742160614419634,1
0.5757569411941686,0.8091690622879596,0
1.8307387046230297,-0.025276648588830792,1
-0.24244164112339703,0.9725787261664857,0
1.2749593160314219,-0.45570352424420724,1
0.66876810753961,0.7611713011498428,0
-0.8946298794720567,0.44799183268696674,0
0.8016003454657288,0.6034281986479043,0
1.001975793074034,0.11178663202966392,0
0.5043653125019294,0.8716873068815685,0
1.2147646840247743,-0.463239795320304,1
1.940446048496034,0.12096039226281313,1
1.824164193675142,-0.08215544665426971,1
0.18801134255839064,-0.07820220171653983,1
-0.6800416783192341,0.7188236113155019,0
1.7417400375715482,-0.13147705500521498,1
-0.8311476686923167,0.5545807277987878,0
1.3406374290737153,-0.43914539199209796,1
-0.7864977032062995,0.6617744393453178,0
0.1939627615798215,-0.07464181405651163,1
-0.9596083280226437,0.2831596094280202,0
1.022709104625416,-0.48956124812597585,1
0.4421977988996846,-0.360235126084615,1
-0.5762466166398389,0.8175627712469541,0
1.0093108242147615,-0.49786373017740715,1
1.3157681483807058,-0.4665683347205827,1
2.010422671988614,0.44372829810169856,1
-0.00624950961047822,0.32552795057780576,1
0.029495905542774974,0.20586341949762932,1
0.3254831107247966,-0.23692079304317676,1
0.2923210732012405,0.945544662730508,0
1.8523531918493727,0.0008574673597663745,1
0.8564122725368922,0.5363442349595287,0
1.600452590020942,-0.2995589525306885,1
-0.9793183602443873,0.12792045264280438,0
0.9636042421169452,0.2534276444685461,0
-0.47710307821538805,0.8653828446526785,0
0.9988456347634941,0.15451177224442786,0
0.900932830139131,-0.4898751290839952,1
-0.0005776382728569854,0.3644549512022337,1
1.124948080511926,-0.4876986619544499,1
1.99559184392215,0.4556528744442784,1
0.8755828470982888,-0.4800683013962935,1
1.7709744379673886,-0.14831575088981083,1
0.17557749228637276,0.9821588970021708,0
-0.07863581892946399,0.9961586582234756,0
-0.3696070409812329,0.9550894080340185,0
0.8580149545736058,0.5356026713230749,0
-0.4877816622908431,0.8874731877293208,0
0.3618156209548051,-0.26605396725177144,1
-0.9744612739705595,0.19303158670848308,0
-0.992856557901266,0.17485659528581562,0
-0.9938253747734432,-0.014214376204918638,0
1.1488068995343022,-0.4843992838259706,1
1.7911914080661029,-0.1398635497809565,1
-0.965676120044951,0.2463146423509961,0
1.9758414520748022,0.35585596904246947,1
-0.7678674612733233,0.6335657316640031,0
1.6774388557695596,-0.2275426466142665,1
1.6323316142503426,-0.27122225701946734,1
1.7173555051277338,-0.19081069049792918,1
-0.8008396238102158,0.594082333669632,0
-0.9812877326844581,0.19993541590143005,0
0.9999539300354404,-0.5034604282169872,1
1.723690946059968,-0.21241288393674573,1
-0.27504579553813424,0.9808814192081964,0
-0.4725380100723478,0.8779916910545493,0
-0.13730035650922573,0.9992598196153918,0
-0.5246106144670276,0.8406179871476077,0
0.004808903699357804,0.4638325149037209,1
0.4795220537403046,-0.34334168441540613,1
0.4048333929578291,0.913372632780705,0
1.0161049664276904,-0.516749216822945,1
1.953700499318972,0.19078334827817298,1
-0.02061079970193273,0.9963574850677014,0
0.3585498353435215,0.944465448505867,0
0.24631471153328616,0.9947130084920947,0
-0.987717519956042,0.24316014918100007,0
1.8320006540877007,-0.07283157435654933,1
0.09782485278988644,0.9911903436825181,0
0.5181488868782628,0.8582640856463193,0
1.1097753542979227,-0.5094716869832216,1
1.6047454273770443,-0.30017994666911996,1
-0.8534602599831366,0.47335777024734604,0
0.9062823126664462,-0.4919997342371183,1
1.001844988243963,0.038807520082067774,0
1.4025226402921198,-0.4220467654016748,1
0.4961604373616372,-0.3654558351800398,1
-0.23092140029271438,0.958384191824538,0
0.27829236370409016,-0.21839695893820776,1
1.8125620580866588,-0.06519990958174617,1
0.01997124548672094,0.26117490831275314,1
1.3804295091572567,-0.41984177483894647,1
0.8154803826879318,0.5596456533953321,0
0.14431207196387288,1.000954655598416,0
1.7939152527432323,-0.11154987119938643,1
1.9905594426921391,0.30054221903314216,1
-0.3757143921651858,0.9132639939647164,0
1.491657890816701,-0.37487088689104725,1
-0.7767661748443379,0.6239914126212506,0
0.3030513832973658,0.9625908002686359,0
0.5570914202809959,-0.39585074586972335,1
1.1425104400400874,-0.4835489323589445,1
0.08264816713983737,0.12009876243459863,1
0.026258190444838958,0.23860807168191536,1
0.19944904902854735,0.9982190409920544,0
0.6152999171425859,-0.4091915477953254,1
1.5111537202336398,-0.3429026069802101,1
0.9647786118120844,0.30830142133559035,0
1.8331433177952356,-0.0712197056675851,1
-0.5235637979224463,0.8373191074539963,0
-0.9231513618037405,0.4081668800880653,0
1.744997527995712,-0.18290378639245633,1
0.04478760490556635,0.19885182941314952,1
0.5176026677779809,-0.37119344792841913,1
-0.9833867623036123,0.12563533005766428,0
1.9902881525459306,0.48373214566573525,1
-0.9223567167366706,0.40826997303686274,0
2.009697453133574,0.4151101157668983,1
0.04573499390087351,0.20750923292156037,1
0.4594791847429726,-0.3373275631327779,1
0.3386573011039742,-0.2414837407621413,1
1.9073896260934249,0.10145457558236246,1
0.013216500433835803,0.3004204796474674,1
-0.7229679828576995,0.7001519919398466,0
0.2530879528496759,-0.15954106959135317,1
-0.12241648592322019,0.9882229630132362,0
1.3503575488264268,-0.42505268780878375,1
0.12550255254024092,0.030538281039708348,1
0.6821226617900568,-0.44917592127789746,1
1.9573272677082931,0.18833988756954081,1
0.018515522967437144,0.39909240281411834,1
1.0082478782261124,-0.5190799810524981,1
0.4498179228961279,0.8954510761275247,0
0.8752650658253974,0.5039764074507089,0
-0.5787438910550314,0.7995966305338823,0
0.7357605999545932,-0.47850331693261294,1
-0.11367555865649952,0.9757935355938401,0
0.23844549737360304,-0.13443113495500564,1
1.1037135833274099,-0.5044939224379696,1
-0.8723364531537564,0.4829582048645448,0
0.027203562057957528,0.31465346511497666,1
0.21761409414275687,0.9846464393968931,0
0.8141948385966715,0.5498792259839994,0
0.43613057424601237,0.8935447071653282,0
-0.4384322288497313,0.9030627527906165,0
1.553555065154855,-0.3183656454955844,1
1.5908267571518304,-0.31977093508191456,1
1.2388794162209267,-0.45943681386854296,1
1.4432581436260419,-0.40351620332221594,1
1.9326059867261083,0.14024674077650837,1
1.0101387143043623,0.015165671269510074,0
0.6366703158914555,-0.4369319557200921,1
0.14191852436865768,0.007424024569308757,1
0.7096496163579002,-0.4651666909646857,1
1.4478694273866222,-0.40150091087539264,1
-0.8189906333143382,0.5911025997430679,0
1.696488000516712,-0.2234766763774609,1
-0.992965726758488,0.15428483901294787,0
1.8950262159099511,0.06866039603467054,1
0.30791400003455077,-0.22270318890260718,1
-0.8055025069659052,0.6299493136989646,0
1.4822151177679959,-0.36010696344121224,1
1.118962795040702,-0.48669949013116687,1
0.12827995870253955,0.026275916357104318,1
0.9845139711097947,0.1867024204148077,0
0.07744214883776743,0.11982242301414184,1
-0.6912620761444209,0.7108182717584399,0
-0.16395435359906707,0.978531965620708,0
0.9784095569313523,0.20725326766758642,0
-0.6120081206053103,0.7791385708943079,0
0.49901344562753225,-0.349851219024576,1
0.7361705980418157,-0.4671260343861507,1
-0.08922027661106925,0.999610729153114,0
0.7852376495231032,-0.4835777346618535,1
1.4939508545449678,-0.381003842896571,1
-0.9727247128784999,0.19954293549204227,0
-0.04578191892444325,1.0068716974111425,0
-0.8483410920253518,0.5163947017605234,0
-1.0002200924586035,0.07904309255921975,0
1.976778008858005,0.285896598017803,1
-0.9336348894463192,0.34020465505544206,0
0.6131631942144676,-0.43761673026159187,1
1.9238824438972135,0.11782055825659708,1
0.9936222843282333,0.11806147150510929,0
-0.8491541538979723,0.549124823857702,0
-0.906320532540897,0.4363164086163824,0
0.08564896591419792,0.10041583702964743,1
2.0071822787126723,0.42106997994569095,1
-0.952368309248028,0.32615380496906266,0
0.9265159251741808,-0.4989288681686298,1
-0.7004904935476188,0.7022218720745488,0
0.0015038929436183652,0.4704601899621139,1
0.3262634228380895,0.9617128480883679,0
-0.4257096320933638,0.8922425316080064,0
0.006827265098257448,0.3698762762121997,1
1.42136424736947,-0.40136413601100773,1
1.5500549627552325,-0.3609834115850225,1
0.18807112977909513,0.993229525831179,0
0.9607112671528121,0.23681413211687632,0
1.100170458028741,-0.4845332432849676,1
0.16772174682466137,0.9773431692127658,0
0.9593962256686981,-0.49685084466101215,1
1.9285727287319383,0.09619994750434605,1
1.9923626439792483,0.38356456902013475,1
0.7567187843817325,-0.46665736865035423,1
0.7953309587139081,-0.4876164796193472,1
0.9534642578646882,-0.5003605722040187,1
-0.374065870868383,0.9240585675925742,0
-0.7533825900091615,0.6537963026246392,0
1.344682644383328,-0.45333793639167824,1
-0.6909509722449937,0.7239350015865669,0
0.27559463006724405,0.9612704709101637,0
1.041373806691921,-0.5028241445105645,1
0.554737427664411,-0.3969568209256345,1
0.7207353279157511,-0.45952222947459326,1
0.2201521047605732,-0.11592164137516757,1
0.777153910249372,0.6649172895588005,0
0.8228199521453478,0.5567916304652685,0
1.905319430777703,0.09745634992725781,1
0.5857368650125415,0.7898125038030662,0
0.22975146996429338,-0.12314081168005336,1
0.8089686914956455,-0.4889821585906073,1
0.35499697744076625,-0.2726263580929332,1
1.728280785384158,-0.2119867987225554,1
0.03157697513274406,0.3151653965120276,1
-0.22574267280525337,0.9836806110077694,0
1.2679130961060046,-0.46077717385996797,1
0.150933742417791,-0.02061126923560406,1
0.02471041840301088,0.35974366377006484,1
1.0079765275687973,0.06241904781309278,0
0.9668763239160881,0.16568350995557793,0
0.42723467442298824,0.912084026288933,0
0.47271704360343786,0.865673021190242,0
1.2685589613556276,-0.4580524244715036,1
0.8624974348726856,0.5320889989823824,0
0.07205348980791045,0.12706883154017218,1
1.310321665350916,-0.4421119742999557,1
0.8894830510371741,-0.4973117248063619,1
1.0249124676935826,-0.4861352207710919,1
-0.9873975334916313,0.06978624361984886,0
1.9475041453686006,0.17305364088579894,1
-0.9918519483210335,0.011110823988634621,0
-0.9219998715309945,0.41564634274480217,0
0.13546191950559805,0.01986760257096258,1
-0.7493754141321838,0.6923748800430957,0
0.10894639825898776,0.9939139950820787,0
-0.5120044506118105,0.8548585976949771,0
1.513164237438117,-0.3227914779002104,1
0.4182404580452298,-0.30457923639760404,1
1.1024087892354375,-0.48472165642779325,1
-0.12047368923145446,0.999790294915775,0
0.051211861558430084,0.19238602725466303,1
-0.4795662435630892,0.882108796678026,0
-0.9497888753500429,0.3002681510346108,0
0.06806851952651441,0.1383756686337519,1
-0.7922657027695755,0.6125214544687411,0
1.904206666485925,0.10137935543633338,1
0.5363745608621215,0.8540588939887483,0
1.9831569755123262,0.3379732238981014,1
-0.9079111731492434,0.3793695518029138,0
0.29561467393992574,-0.21501364920095098,1
1.834897429814159,-0.029723326177967926,1
1.7768487898277292,-0.13242763432295596,1
0.05900507467777105,0.13185767319579308,1
1.7677745310000312,-0.13661930555154603,1
-0.7639516442021514,0.6230376400267482,0
0.29950999852161597,0.949323255373618,0
0.23063421345381294,-0.09950232542193461,1
1.9785517904142413,0.31184978109209366,1
1.6428307508726254,-0.2579503506059555,1
-0.9360845356407739,0.319244455415163,0
1.863838833920457,-0.02038311492036099,1
0.7872690085695441,0.5866539078317994,0
0.0006312040927732433,0.4062449104571302,1
0.2055753453881046,0.9704024055713047,0
0.3534973277610314,-0.2786082652174464,1
-0.9082663167814109,0.4018415886637433,0
-0.8740078000940703,0.4948992355559259,0
1.7775754866343896,-0.1264821217799224,1
-0.01632639720346317,0.4924347364510252,1
0.251136053892142,0.9445637697838688,0
-0.5150421070164445,0.8525235856033494,0
-0.10283142896438055,1.000036494316406,0
1.9969881516258485,0.44301828802070536,1
0.7944992833888963,-0.47071683267486875,1
1.5571904825220262,-0.33610690306383706,1
0.07034863422801345,0.15380285134220237,1
0.4794435896742428,-0.3565154236225351,1
-1.0023287832439105,0.11090968026273997,0
0.1567397324797092,-0.04594081316889814,1
0.9808905554015622,0.19422051327240228,0
1.835654576234547,-0.053794299084989124,1
-0.22063907463155227,0.9783251020338574,0
-0.55130412751726,0.8438255338489455,0
-0.9870629768803633,0.1456739735934291,0
-0.09938085536148339,0.9989981481054095,0
0.1707962604324389,0.9643578592666687,0
0.31957671967120344,-0.2379521563861619,1
1.6258925817560852,-0.3097141343686066,1
2.0038514990031895,0.42389274806109667,1
1.9464746704157905,0.1760092711123227,1
1.4371952157889427,-0.4125751702800344,1
0.7541687521354349,0.6586636230885099,0
-0.5965508363713435,0.7853985535072908,0
0.49381661210584493,-0.3646249632967335,1
0.6806420671089791,-0.4445171663234293,1
1.0050242423580737,-0.5057694240956103,1
-0.6311572497121234,0.7722306975666535,0
0.5560791340611341,0.7968814352275664,0
1.4485379938190373,-0.39679496277888876,1
0.9477310420510549,0.32335619987372854,0
0.7418472277165571,0.6866818755051751,0
0.962626668119679,-0.5032046122128913,1
0.5411809804921206,0.8375018282310199,0
1.7925616910521232,-0.10085811119329438,1
0.668752864842701,0.7443319083517053,0
0.9251906788995312,-0.49605710901907335,1
-0.9543333332206758,0.22711968683873646,0
1.7841283882825882,-0.12073020806861062,1
0.9943379117861411,-0.4975649169931048,1
0.021493808231568212,1.0019152361955073,0
-0.9685190158750612,0.1696030450586439,0
0.06737960499374947,1.0034786984372372,0
-0.8743355087111555,0.5087398421979182,0
-0.0257897308476178,0.9983223062430784,0
0.22311582479523914,0.9802202983839198,0
-1.0004760981465237,0.06851465803932273,0
1.6878944855357194,-0.19244441878693794,1
0.8022247054284218,0.6068524916517083,0
-0.8034692686782842,0.5821299575302302,0
-0.770140052683035,0.6465600675801745,0
0.10500104891669748,0.056445646202450996,1
0.8107791664930208,-0.48101481724462086,1
1.963133749334929,0.2727340890900777,1
0.45027618389138074,-0.3314951576054959,1
1.4930063120768244,-0.36368062321431344,1
-0.5255948685238151,0.8216289230377913,0
0.09861307308394704,0.08773445015391142,1
1.6214165409515322,-0.29636134289599975,1
0.44692540596506203,0.9060270024160494,0
1.2576236606016948,-0.4387887791897406,1
1.9942647889856278,0.45573906246866214,1
-0.9737023409131368,0.16017010673531976,0
0.9494477153730209,-0.49124558826517845,1
0.012090623339354345,0.37087843807045134,1
0.8996299049977099,-0.49230303145153176,1
0.3660634036506346,-0.2744087396363348,1
0.010237453236531618,0.9953099300300241,0
0.006353379087610107,0.33427406990580344,1
1.4145242611273279,-0.4014021819400474,1
0.9025319174786279,0.43088339640076145,0
0.281512623887035,0.9817281094918662,0
1.661888721375319,-0.26655456122683435,1
1.8711670989657598,-0.012162132312090727,1
1.5028951632871381,-0.37152591231397425,1
0.705099322501324,0.6996050924467605,0
0.8589715211905175,-0.4906644142145299,1
0.34735155181977817,-0.2619054084356768,1
-0.4608573675010966,0.9057904336414038,0
1.7618883598998056,-0.13703054361270037,1
0.4409781282493071,-0.33488889601981237,1
0.013215827811036904,0.4823967452457275,1
0.39977057921347187,0.9066339598117016,0
0.6403341197867111,0.7700306368845261,0
-0.8082982241928863,0.5890450780192729,0
0.5016642131669268,0.8688161425932112,0
0.7766828706421168,-0.47872777301288405,1
0.014745075035669403,0.3740624579710743,1
1.8355997917586162,-0.05260167595450837,1
1.9556949822229959,0.2248416353262311,1
0.8223888359678844,0.5920306351139629,0
0.2434582212595317,-0.13606036419752393,1
-0.3525798205398971,0.9332853702008537,0
0.14922727160947985,1.003545391651024,0
0.7730899629269493,0.632503038553607,0
-0.995025363364151,0.11898112652846848,0
0.1807692877716628,-0.1014117764707908,1
0.519638040361999,-0.371972171507499,1
0.6506522319534356,0.7379932601295606,0
0.13560906650138152,0.9889905115363902,0
2.006406417748379,0.4196878267829545,1
-0.9527552678304105,0.3600738275214203,0
1.9756309716832168,0.3024707884778149,1
1.8814308556904016,0.07698980627027584,1
1.8331521232653678,-0.048605527105065494,1
0.5302443108731145,0.8598480819815709,0
-0.8857461557684083,0.41995862066617334,0
-0.201687703101105,0.9925419656560703,0
-0.39812571800462154,0.9171993035278848,0
0.9930879847379104,0.22163756477809268,0
0.13603855699822007,0.011649591970525456,1
-0.5930150764336513,0.7943749129548997,0
0.48786917310246875,-0.352429520141783,1
0.046836653128604314,0.21733372930405223,1
1.4239951156742787,-0.40473462938004895,1
0.35429238659456236,-0.27914637471402737,1
0.7891236523004918,0.6021434429747161,0
-0.43607042614898406,0.9070194541823288,0
-0.9555816325281152,0.2866685033114479,0
0.5078898070526342,0.8713551340754878,0
0.026695002824306074,0.2707947125425085,1
0.8259862513419045,0.5718990968108495,0
0.47324220111885973,-0.35551243271356464,1
0.31233147773850206,-0.2270636759330436,1
0.49673717955664454,0.8686550157572089,0
0.1330938772455717,0.9882970957876356,0
-0.9608318682441138,0.3323679229857921,0
0.04023439584030965,0.24212391897942181,1
1.0003696249353953,0.11841033285092507,0
-0.9930212970261919,0.18093659962277975,0
1.0052335764579654,0.07244020156002597,0
-0.7175820919287657,0.6927964720769091,0
0.9639662686207093,0.2609556863801143,0
-0.6812139493885943,0.7208610945578865,0
0.4211033564752964,0.9040281437054613,0
0.8506604400443709,-0.501214844297694,1
1.8973194400671207,0.03925983881523487,1
0.022537263136018382,0.33510267769702023,1
-0.6998288872906241,0.7199846857594694,0
-0.607012513600832,0.8002210921413819,0
0.12237814474771566,1.0017841232982336,0
1.9934603028568674,0.42915348532662095,1
0.5769037432298898,-0.41340588395231903,1
1.0295577700959888,-0.5126643368710228,1
0.16263298486444547,0.991701009907338,0
1.6731524371138307,-0.23353155785506063,1
2.0011763888314116,0.3867337723070695,1
-0.9054330341736656,0.42713150379040615,0
1.022292305537548,-0.48162320975814277,1
0.4379027740087696,0.8968637589888818,0
1.7359255522274355,-0.14528063958936263,1
0.289365439396973,-0.21663467719897428,1
0.7757215293350463,-0.4580258538925993,1
1.3277347918447453,-0.4647372932322413,1
0.3419740779340145,-0.23351360990946807,1
0.4808644073847375,-0.34032325801101176,1
0.8543908711476691,0.5345474288167482,0
0.1506638634590505,-0.012872267709314298,1
1.4732054756229047,-0.37101322094257133,1
1.7508996373381434,-0.133109005610786,1
2.0034824545957184,0.42700369795741216,1
0.34721994977965237,-0.23667701358913246,1
0.2370917563876997,0.9675690364504064,0
1.844517852129358,-0.00859888616599774,1
-0.8463912787873185,0.5526353402019866,0
0.7332205746870073,0.674297147570993,0
0.6703485072283739,0.7336230283521091,0
-0.99734246843278,0.08005129850728102,0
0.027968726194078104,0.3387016899591286,1
1.9925927501244551,0.5072860495991465,1
-0.9852308475528744,0.25924146728558983,0
0.9057709560342972,0.41947929128974476,0
1.7938129973466708,-0.11905510146449726,1
-0.8452708951960743,0.5344642768906669,0
-0.6430150513118916,0.7739970795277912,0
1.2925512845882183,-0.47174013661763975,1
0.7317759015610995,0.7177715274913608,0
0.6100619415737624,-0.4235923912255077,1
-0.9818016976129589,0.27258685534738003,0
-0.7232252846900774,0.6872228645472859,0
1.6321660920079846,-0.29008722998551567,1
0.08980574956490028,0.07123911025892513,1
-0.08465447300028325,0.976727002314355,0
0.5950554673593491,-0.4304749141083512,1
2.021561172546567,0.4716388314525633,1
1.3988001789374191,-0.4188171462772286,1
1.6448834409689872,-0.2573980862425987,1
0.008721300200627537,0.9987773285276121,0
0.004717610586925016,0.4590614633419809,1
0.2845619296060858,-0.1677040916969309,1
0.01713083975539948,0.9946402748999641,0
1.8979833191750122,0.06812138248883226,1
-0.8130608360950556,0.574104440597818,0
1.4499006474006786,-0.4013087334339798,1
-0.928292123402648,0.41466416117622423,0
0.019268703781959398,0.22520224933505983,1
1.8102362435711603,-0.10500060433786741,1
-0.9508990022179573,0.3229889913804867,0
1.367348642486457,-0.42258083045631706,1
0.015118605830578832,0.3134360457818121,1
0.010043109017397744,0.36211989481101003,1
1.6979449866760818,-0.22238910353917496,1
-0.2544024408181245,0.9581150314750136,0
-0.08958309716495247,1.001711272281585,0
0.5062881389246202,0.8433222594437062,0
0.9511488621866934,0.28716087943034996,0
-0.9960231527881139,0.1062452849855507,0
0.5157017010572503,0.8484201401561345,0
0.6331390295347487,-0.44125495227804856,1
1.137203928322397,-0.5015530300653679,1
0.887067702409674,-0.5037270357508662,1
1.7171253124102428,-0.18150244052495454,1
-0.9724812969206966,0.16228262574114866,0
1.8757060492004096,0.041909906720368935,1
1.0042277263106683,0.09234083860172317,0
0.28406638534223366,0.9606926642257888,0
1.9972070135013247,0.31768534875382143,1
0.9822849428637065,0.19681907411559604,0
1.2409858607651625,-0.4673847372840955,1
0.30821592885757293,0.9349351280022181,0
1.5266192530740863,-0.36257436555631795,1
-0.9879026352716284,0.05114494118824909,0
1.7769152432128024,-0.11673251353623137,1
1.9864652735278272,0.32345980379896555,1
1.1785105988505102,-0.5038768880490496,1
1.5145813742168595,-0.3499912909284394,1
-0.898227520285823,0.473285348821532,0
1.545285495661008,-0.3265016216630183,1
-0.4379493655149925,0.924402318569945,0
1.990699697408571,0.329712611643048,1
-0.8903280133650151,0.4195260420304154,0
0.988248220392294,0.014030131372171123,0
1.6523776892732804,-0.26046996528965427,1
-0.5251691170840089,0.8588982541730076,0
-0.17780045042227127,0.9783305854667602,0
-1.0060356991023371,0.08902564185022693,0
-0.8768674988670533,0.48961813121892567,0
0.2872249460200415,-0.21053545671331317,1
-0.9042686967496548,0.3476519075978437,0
1.2616801828799635,-0.4696135381505764,1
1.7746151994372341,-0.15313842324905189,1
0.9950148088126246,0.03682820616848642,0
0.5731903054296518,0.8287742368956251,0
0.7988243460395829,-0.4734735437326471,1
0.016161726723277283,0.2660178751263166,1
1.9262640069599388,0.10659901365666272,1
1.9222221195055813,0.12960581488176776,1
1.3690384670182874,-0.4187868388060329,1
0.7986052307198444,0.6007992040546946,0
0.7895117245689288,-0.45714585714518585,1
-0.9327935935253503,0.35428181469589276,0
0.38320108412366327,-0.304418844716432,1
0.8958550628305446,-0.48312448434572974,1
0.8259393499291204,0.5644516968048682,0
0.01623302055371479,0.4686295365334216,1
0.9396928995032428,0.3266142664231328,0
0.8701121209215309,-0.4774665253208843,1
0.5481198646545511,0.8429281941687782,0
-0.9065597635025691,0.4262732406045981,0
0.31802948257723707,0.9608967986344306,0
0.8515280265252849,0.540008566529503,0
0.006626625722317661,0.35592822762601745,1
1.3822186116330404,-0.4399755239018752,1
1.8034549900036279,-0.09667826413446987,1
0.49941576393867243,0.867271860670062,0
0.9803017692280078,0.28070474431957676,0
1.8300059937784745,-0.054579376058274905,1
0.8598632630613551,-0.48235023584335246,1
-0.6128404033065409,0.783880187490015,0
0.9701318449589601,0.25679729833038223,0
1.7796330342514572,-0.14266857412605702,1
0.994595983561244,0.026565335250724173,0
1.2002873904874873,-0.48414695309809874,1
-0.8452277376285235,0.5360791572733653,0
-0.9974774999414846,0.07180889796876824,0
-0.7065236070265257,0.7170979729068656,0
-0.6112146195718283,0.7910305328333666,0
-0.9817094913738384,0.036407229100103224,0
-0.9740528934930621,0.15933160852052003,0
0.02411322023909346,0.2866827021431375,1
-0.3306958468058612,0.9382430045886625,0
1.7134529586900145,-0.2324663928988706,1
-0.3523676447269082,0.9486607944462732,0
-0.9290579585293492,0.3305549166902969,0
-0.4034810950428499,0.9151228026763385,0
-0.9609589319660486,0.24113961855893853,0
1.8569272366809524,-0.028873692097293777,1
0.008775634878695177,0.5080594560788932,1
0.9729998158236035,0.22827842067675178,0
0.7510804001209123,-0.47118160402240145,1
1.671455007272659,-0.22716878666780915,1
1.5950509641006776,-0.2761819146639684,1
0.24924267966484967,0.9787323003397721,0
1.2309535102913332,-0.4720940434478493,1
0.054859102594174085,0.16003139120482765,1
-0.003264354291473261,1.0048707472994212,0
1.6786508282027812,-0.24594048701532417,1
0.21966724890452968,-0.12754068380669298,1
-0.9992499070730612,0.004253682979406151,0
0.7848712729930092,0.6148757166332872,0
-0.6247090467743448,0.7862811720771808,0
-0.8755643359078086,0.4921200056981889,0
0.0038426743995975485,0.36705501106457844,1
1.6515083072825127,-0.25960682465652946,1
9.813832045309917e-05,0.38420515004627936,1
-0.43563092792783287,0.9080202606864318,0
0.6804264737916947,-0.4350958407388462,1
0.8715768645761529,0.49427861635725523,0
0.7349687079042617,-0.46420245446567454,1
-0.9844719323355282,0.21815079590430975,0
0.032879122172999535,0.306037835897238,1
-0.29421492683361333,0.9333676846607564,0
-0.46648007479169207,0.8958954418734663,0
1.9605850284188338,0.1668844012582645,1
0.4844340785685187,0.876551066235215,0
0.5095220798662886,0.8499801495368626,0
-0.712991533109732,0.7125974809440051,0
0.01796635152351489,0.9777763718747084,0
0.826111109081034,0.552030595554555,0
0.9736028989825422,0.20775007537153728,0
0.460760057876743,-0.36168288350341077,1
0.7896279960236687,-0.47425386670142633,1
-0.31956614817272094,0.9512186901174741,0
1.4615170105087827,-0.3874492953739053,1
0.45060786425615745,-0.3388178016807442,1
1.7283970971944336,-0.17254439143843772,1
-0.3493061241546679,0.92941635302737,0
0.04223144691654797,0.9788379985929536,0
-0.980918504416516,0.141026249066565,0
1.449455157142588,-0.39276713243987044,1
1.7623827555049858,-0.12246840820558821,1
0.6210362667635654,-0.4308442942096169,1
-0.45604712106173445,0.8725417493221298,0
0.18193320943927443,0.9592563559729104,0
-0.9446036190419766,0.3404085342569764,0
0.6072981279611469,0.7706700927843619,0
-0.8874046628063704,0.5063341032204722,0
0.18498808053631052,-0.08500502341095398,1
1.8193699405398496,-0.04383092526287335,1
1.3615341110896382,-0.4390472817215004,1
1.9103225475106924,0.0996621906207836,1
0.886921677026512,-0.4910594366615136,1
1.0023922227256326,-0.5049107567857037,1
-0.15331714485886344,1.0123867096783101,0
0.04335330675499639,0.9837867660511874,0
-0.008317992908249815,0.3834096583212415,1
0.24720511731825065,0.9668760227518871,0
0.9016364387493847,0.4425136137402998,0
0.7876778248453897,0.62566997754133,0
0.9273031347883186,0.3019263985603714,0
1.040282937484082,-0.5050876557247491,1
-0.9644339776710659,0.2702472853750746,0
1.1394733618234594,-0.46702315359204527,1
0.9253205402787731,-0.5043197972043683,1
0.8838291673565853,0.4633391807196899,0
0.600162752878895,-0.395597758900439,1
1.9786676912092171,0.31406551937894106,1
-0.9951044003916363,0.084513191570447,0
1.213156479895208,-0.47721639962454493,1
2.0100145590663714,0.47910742785167953,1
-0.4823369914739542,0.8921355352726157,0
0.593810407426554,-0.4293954996029007,1
-0.3156404532582487,0.9545695156929902,0
1.8558021350619476,-0.0358304582354858,1
-0.23233860715882892,0.9666986013650277,0
0.38378001892353336,0.9256866208620081,0
1.6944258256150408,-0.2170988429295294,1
0.3370186464795469,-0.2519612163336961,1
1.9901346881646256,0.33944346932244085,1
-0.7493600987387352,0.6682574016276582,0
0.8159695743879497,0.5816106254919234,0
-0.6920901399806995,0.7040072973958854,0
0.3910471590422752,0.9308998487010385,0
-0.36570735748322514,0.9602578269247527,0
1.9835528335860002,0.3420427765578039,1
1.0582995869502516,-0.49169266851987264,1
1.9980996194320944,0.4706618254462606,1
2.002924145373696,0.44627309312841623,1
-0.3802715788288337,0.9133253421290888,0
0.9956736196113543,0.08068771604601714,0
0.6426540128229532,-0.4333469281580963,1
0.366469671033795,-0.2618778888247479,1
-0.15183359615395586,0.9909886043738664,0
-0.7939811393105415,0.6218414344142971,0
0.006354787298601831,0.4661193574233734,1
0.378673566672501,-0.26637897418977946,1
1.0018739275536122,0.03886974400276101,0
0.9984719762088212,0.04244415139228086,0
1.0191799656813458,-0.5101983130740406,1
1.825690609278925,-0.0779596842008475,1
-0.975272966452895,0.2827324668609579,0
1.9841590879794144,0.2248237143384085,1
1.9545630910479765,0.17381257577375372,1
1.8371941517230717,-0.07396654443592028,1
1.8289148974875966,-0.07783050459810151,1
-0.9079329392748826,0.45038551392769477,0
0.057339099997285876,0.2015234494638967,1
1.6513251448472668,-0.25462889725055815,1
0.6693544847272036,-0.44561936304912103,1
1.4673185660149863,-0.3708518060695254,1
1.0507123305761257,-0.48885735985658785,1
0.6955808759489301,0.7128694751083524,0
-0.3962012914121574,0.9063095625775659,0
1.7695180973950477,-0.12193366176605228,1
0.004401481226788209,0.4172789189692481,1
0.9935768362193453,-0.48291054273753764,1
0.8224807135285201,0.5790253676929119,0
-0.09180013883506473,0.9705699498710263,0
-1.0060272875128862,0.0289997480871668,0
1.4334918370514267,-0.40461630361749423,1
2.002247334479198,0.4875869350650979,1
0.8943424290927996,0.41793893617133576,0
-0.3101992708743981,0.9581933104311305,0
0.10294683349026951,0.04897982789851162,1
0.41601320575951545,-0.3209144022148358,1
0.5756193223873277,-0.3948918444691341,1
1.0100371637198131,0.022667049873262235,0
-0.28759017631103206,0.9637748750818268,0
-0.9808416967777247,0.2612955259074612,0
0.9792237936267375,0.25012993285626545,0
-0.8770191605084681,0.45681869076229265,0
-0.7802498502749811,0.6411006366622818,0
0.9138126254572856,-0.5026843288628511,1
0.6368988849208843,0.7603523483132708,0
1.3206171749275013,-0.4424885217911617,1
-0.049724567955154265,1.006283849306913,0
0.9601849183991888,0.2866311662021502,0
0.7260782193867557,0.6849712988125461,0
0.087097919460906,0.0942089945953605,1
1.209571112943912,-0.4845043355008951,1
0.5943412357949736,-0.4225831191512593,1
0.4058740483751451,-0.30765597302324665,1
-0.5058329111406938,0.8597719719783657,0
0.5631701598159118,-0.3802735281425115,1
0.06890732985923012,0.11325729280059539,1
1.7131836995353809,-0.1983380596500369,1
0.8668450398695913,0.5105767311675267,0
0.6006845390398786,-0.39768817809310586,1
1.6229715581639292,-0.2802465715709184,1
1.404964946413282,-0.4246754010258354,1
1.8040007788738464,-0.08313795621620662,1
0.6178359705183207,0.8128007121923188,0
0.6816562826092264,-0.4666305997312389,1
1.5088735894039953,-0.37625784237512405,1
0.25539537296113707,-0.18742100123149824,1
-0.9752793582607924,0.20623504842361473,0
0.14686012420078104,-0.022369735808692538,1
0.9891673776836526,0.21192688460937956,0
0.10951384162322308,0.9832827695174927,0
0.35828606557613646,0.9407821607518492,0
0.26317462530365404,0.9563218278112023,0
0.5231273664326378,-0.4008535494232809,1
0.015773167430150104,0.36338309130163715,1
1.09093726358564,-0.4884697779883224,1
0.030280923962734515,0.2358485896198416,1
-0.9489475385730693,0.3348270454274657,0
0.22720493508760187,-0.12692171297479737,1
0.613175871010314,0.7930572444477956,0
-0.7701094220996811,0.6324057507622289,0
-0.849318333845451,0.5359589880996423,0
-0.45147243283611393,0.8891722898208799,0
0.9341508286972344,-0.48320284992452184,1
1.7536136850590545,-0.16100994974622354,1
1.1296745063003173,-0.48375128943934376,1
-0.2577991794236658,0.9659583321552574,0
1.2095569257202243,-0.4772906940164608,1
0.8393210272128383,0.5441598205453599,0
-0.31442742080002806,0.9620503702817176,0
0.486984912051879,0.866115239071206,0
0.8555716862915198,0.5107710494455959,0
-0.018275218285286502,0.9989634488001254,0
0.910552595983685,0.4012136696183348,0
1.8051749888398985,-0.09526560072325929,1
0.925055534343732,0.379723354448346,0
0.03363952561596616,0.22927258099434925,1
0.6677444806153351,0.7192114033192153,0
-0.8140357430053793,0.5948529016360037,0
0.6095118297156199,0.8001921267526035,0
1.3061321405732143,-0.44031187279901435,1
0.6473053476062455,0.776548356936671,0
-0.6350747236090851,0.7478717884813763,0
0.10951005261558121,0.03222798212556308,1
0.035920074540486284,0.21968373688606638,1
-0.3598585866305554,0.9514849721875247,0
0.6705280291039217,-0.4349634993347651,1
0.7291823141171407,0.6702271699091996,0
0.511843664541039,0.8771792126609287,0
1.182839253932835,-0.4989516869756067,1
0.12993169681471936,0.9776417167037704,0
0.8151370075691297,0.5693256295179463,0
0.7611556816185707,-0.47888909271408003,1
2.0098961490886857,0.43688149842510543,1
1.5687519509065904,-0.3190169418263834,1
0.5394331924669548,0.8327835676144383,0
0.9858727156498913,0.17167580603672924,0
-0.8976207797869478,0.47600469034436516,0
-0.26597321951776665,0.9503372761069778,0
0.042863416765212076,0.19937365404879734,1
0.5373378143617223,-0.3813283149118686,1
0.3554996077248002,-0.25619896243866785,1
-0.9987969875935266,0.13053604249636622,0
0.6329562013897627,-0.430722851085933,1
-0.9544710691875551,0.326468042194182,0
0.29055913266306826,0.9542245580587384,0
1.9950662219297988,0.48544566437188436,1
1.6797731470754345,-0.22723189119531878,1
-0.8715423590859477,0.504539358806345,0
-0.5302016169092102,0.8403273120685407,0
-0.7344128148040537,0.6854869929999015,0
0.45372883189399144,0.8674209751900692,0
-0.2059697316640574,0.9932964499134033,0
0.6023629402002652,0.7943414143699222,0
1.8182209969008891,-0.08033830449679615,1
0.53361915216428,-0.3788185287948803,1
0.22936959239728788,0.9856230467229234,0
-0.8108982909039493,0.6066819780003088,0
0.19006936090278967,-0.08940090269115895,1
0.44340552095653496,0.8872439501079163,0
0.35927559897808703,-0.2681281662025684,1
0.45221028094520266,-0.3894872520058069,1
1.6427140952175094,-0.24249237801969795,1
-0.11499620649905211,0.9692516339430614,0
-0.93167778965662,0.35743457420973773,0
-0.30171093493692763,0.9663065537257612,0
-0.08831395274013583,0.9943073612910067,0
0.6001407918373327,-0.40912106935880715,1
2.003502408660431,0.3321167477773266,1
1.9423650013676486,0.20646665568939185,1
0.12325237952516294,0.012278252673996919,1
-0.7284699833501528,0.6584852434952497,0
0.19555208606286575,-0.11385417172641828,1
-0.6054084975285453,0.7853374349148476,0
0.7601007127412387,0.6550082748103793,0
1.087873753400508,-0.48753985439500297,1
0.9552887502122308,0.3246761135840779,0
1.963914681622093,0.245263237595933,1
0.3498295092980829,0.9410980976307187,0
0.785702664005245,-0.46404093157899257,1
0.5881104741701004,0.805365248865455,0
0.6181526712924044,0.7750655252987577,0
-0.21182420051463074,0.9684245947683587,0
1.4119277887255297,-0.4168339533289552,1
0.06441054657952805,0.9836983538601844,0
0.03644739531152473,0.2145780517777505,1
0.23336421323407974,1.0090157527540007,0
0.923412401454641,0.39943638956996774,0
1.9501039027760105,0.21153580215884973,1
-0.15239725206110477,0.9933694433501622,0
1.4213789539129078,-0.3972012320157231,1
1.6739996087635831,-0.2328535453607515,1
0.37002507682809127,-0.28138745532886955,1
0.20993980597176487,-0.12317670816070457,1
-0.09574622075560867,0.9897193477254717,0
0.739321977852618,0.6589016160499062,0
1.0570430709073328,-0.49167330286507055,1
0.0808752824757068,0.12204025339608734,1
0.8752820247361752,-0.5081849154702074,1
1.5567330371929988,-0.33122046614855166,1
1.7305005462244205,-0.16510234883293676,1
0.7815654774089074,0.6273480629278786,0
0.3404228976060398,0.927918215838487,0
0.5046698730076594,-0.346638486631,1
0.08449613985437157,0.1077433921815017,1
-0.8936872156349148,0.43846498847409426,0
0.4384880765713193,-0.3190157987479175,1
0.23149815740650487,0.9667063328984485,0
0.9875524178073701,0.041818778599800197,0
0.9486781696146808,0.31926176314645816,0
-0.9376668794335151,0.3095724687484023,0
-0.4670793748162819,0.8900270130051738,0
1.57164116018621,-0.3243769008498975,1
0.7612384042339901,0.6461555074048717,0
1.0009684297034498,0.010981260771820059,0
0.478435126645056,0.8782482640617353,0
-0.9430954084707662,0.3171495349534025,0
1.5104562332191525,-0.3487158060111305,1
1.6657316609243829,-0.2532746676766181,1
-0.7504577646254971,0.6419777163549059,0
0.5586686899789357,0.8389232982523434,0
-0.1326808828571966,1.005642107034557,0
0.9362335818172226,-0.5009323234431164,1
1.7307909841158329,-0.16307011968233173,1
0.9111056335915423,0.43358201349459435,0
1.4545813613856315,-0.3755439080221395,1
-0.5417216183860825,0.8364411041050203,0
1.8968662757874435,0.018780879186623006,1
0.34038323391262437,0.9540620151729651,0
0.31837675848987795,0.9602934901803171,0
1.977340699343767,0.3191436036084736,1
1.4858856270063756,-0.389826734113171,1
-0.6542456395661274,0.7295713212580625,0
0.8350958193661833,-0.4853399657071671,1
-0.9888718924871464,0.02722024783985136,0
1.235823648379688,-0.4714600224275652,1
0.05522176659657832,0.19662081843504198,1
0.33829115255871944,0.9439113695922248,0
0.771286221156572,0.6386767414629136,0
-0.9006126554325858,0.4404234233850482,0
0.13515803802211207,0.9909371327973059,0
0.4074221051462346,-0.31708574483583774,1
0.4047090380537719,0.9230483260547037,0
-0.0014039308867870534,0.9989326199598723,0
-0.41955788038086467,0.9202489079889951,0
2.0007722927870004,0.3686970696482332,1
0.9368341183636545,-0.49697920881146956,1
0.18673057478176106,0.9612623742074771,0
0.9639566283229491,-0.5218677064306677,1
0.8677750308906951,-0.4948060694614551,1
0.2993392105392237,0.9489266986542367,0
-0.0018240746757636822,0.3909689860311967,1
1.6245738860858088,-0.2822958084152308,1
0.7425197334129197,-0.4810758489929398,1
1.9965384289487325,0.4033134552211847,1
1.376039877094008,-0.41935297387122045,1
1.9010912715049897,0.10318415293364853,1
-0.5095350436337738,0.8575691880246272,0
-0.7377730582586087,0.6880536084213583,0
0.57877756060795,-0.3909541775858629,1
1.1481124930866424,-0.4789207245642583,1
0.21809194843564572,-0.08956031063117478,1
0.9565588594504721,-0.5051070996826483,1
0.9948904063129331,0.07578761241469524,0
1.9883420207157987,0.4152236516161431,1
0.2041107777107932,-0.09430467096136945,1
-0.7736249500099053,0.6398401273949758,0
0.04697711694680553,0.1723659506335644,1
0.3822954976954495,0.9276093856146226,0
0.33476632106243137,-0.2506442651718807,1
0.8458874953493725,0.5414697155689233,0
-0.8566009322769251,0.531864397672157,0
1.7597384321880931,-0.15101815952048933,1
1.8418590758611284,-0.01640828720032658,1
1.9722693385072745,0.2540531804297625,1
-0.6773958395219546,0.732872290569828,0
0.12992720419511158,0.021456086876090665,1
0.1949686069167796,-0.0733783479076638,1
0.03815643992599814,0.19804267565976358,1
0.03891751478529966,0.22068367923664792,1
0.050133940111303864,0.16570651218341467,1
-0.9981058977036852,0.012852181159632204,0
0.1901345649565791,0.9764027784119802,0
-0.2544032724467755,0.9609517633482401,0
1.8886780698845802,0.08099241979787015,1
-0.81582366785473,0.5589163054430776,0
-0.5971771598666814,0.7939265026803568,0
-0.8808714805176809,0.4746256179353776,0
0.2909952634601175,-0.19882765203686467,1
0.9678965375960756,0.25581635828744614,0
-0.9972246177586482,0.13932973235756826,0
0.7723552974278838,-0.4909974972228579,1
0.07679468426902261,0.16243957608804607,1
0.22138610461830885,-0.13967091990953828,1
1.3889583758579638,-0.42310785595904876,1
-0.37181541653529765,0.9216963388227079,0
-0.5879363344447474,0.7972613327978165,0
0.7665408951589049,0.6608929534477956,0
0.9822481802491818,0.18169120225104526,0
1.856986605090728,-0.028035171895940826,1
1.574761577407657,-0.333405077057394,1
0.4950389371088768,-0.3773407503375529,1
0.7217671449301042,-0.4582311186395249,1
-0.16886143417208813,0.9833504035546173,0
0.07962703123001495,0.13040389739450284,1
0.41290536160402697,-0.3027331232163967,1
-1.0057419662938347,0.10131641890070685,0
0.33703463026447356,0.9309347411194434,0
-0.6053012613227854,0.7764096303152348,0
1.723372679178195,-0.20171140414968664,1
1.0280536013542245,-0.514386025603728,1
0.06917931288110842,0.1901104591020999,1
-0.6494417705736458,0.7647263279590326,0
-0.7510738082106467,0.656787234967175,0
1.9979499918808796,0.429063980831787,1
0.9383555330990275,0.3861139087804669,0
0.1912183474294173,-0.04632531134037703,1
0.5291950276262952,-0.39267687616219876,1
0.6495315878707358,0.7655238559045726,0
-0.2813317909633916,0.9401416741808564,0
1.927292103390233,0.12779765112171998,1
0.329724516715109,0.9514985307015055,0
0.2407009047685087,0.9630078609382989,0
-0.3816418237107653,0.9464002845011004,0
1.2876557309935583,-0.4565873512687065,1
0.9612760298661963,-0.49973828268524895,1
1.261699217905249,-0.4727724268332493,1
-0.40356287783545064,0.9118550429251099,0
0.9565593401174036,0.30607244636467973,0
1.056722430824398,-0.4993996082169167,1
1.6180939681331776,-0.28762529802444176,1
1.9967554072703966,0.33871930986317456,1
-0.9448059000153652,0.33205933869683013,0
-0.9721364915603937,0.17632682786140177,0
1.999033368109687,0.3946713985461637,1
0.9227883534990386,0.3514309521771855,0
0.6097999560208301,0.7865667351528879,0
1.337690351273889,-0.4352064376392386,1
0.7221053587461138,-0.462594126191941,1
1.9558895420735378,0.24039136695936772,1
0.20578868491686755,-0.1295149485736498,1
-0.44955410310334293,0.8801189534677804,0
0.9154071123185753,-0.4921916388917785,1
1.5033833797846416,-0.36938175636361337,1
-0.2508012513741956,0.9750175105852245,0
0.016494917688052405,0.35517269638549764,1
-0.445120221122127,0.9061017823277484,0
-0.283986747413673,0.942225915239607,0
1.5507425984365828,-0.34055686893977305,1
0.90888156590691,-0.4806104766842933,1
0.067681559531523,0.12069346735881491,1
-0.1838129880934045,0.9827171273848693,0
0.4130910397942587,-0.2968145795840603,1
0.8173219074403794,0.595689219727728,0
0.17414023518594052,-0.038121532061663174,1
1.078330343812838,-0.49553964247689664,1
0.14859649949270415,0.9845912387342604,0
0.5928251374847977,0.8007611736511311,0
0.8947772691735201,-0.49595559942985573,1
0.13575195238028154,0.009980171394445406,1
1.806222759766762,-0.09050326705124827,1
0.8539306455590158,-0.5134338079108334,1
1.5984299090760812,-0.2999000088398676,1
0.028984810411462072,0.31870458861086626,1
1.3851140314531014,-0.42722807112507555,1
-0.5559698886559709,0.8293984204195674,0
0.35994324497800556,-0.23456238892366651,1
1.7140051893275763,-0.2277039617402477,1
0.12755895371284096,0.024778132683755973,1
0.803076675637577,0.5686111993722217,0
-0.7739963056131738,0.6154601446820079,0
-0.0036410066181387013,0.4829889822794204,1
-0.6591970617758726,0.7353020894568868,0
-0.08831130520626372,0.9970793439198262,0
1.9780130839712917,0.3381804217512842,1
-0.3971668207332775,0.9142286902534345,0
-0.04795554902615937,0.9919091835469388,0
1.1953529130562426,-0.46312391393210023,1
1.9991274407667758,0.4041130542402826,1
1.4761339058121048,-0.3736871925290124,1
1.4402194071021956,-0.40724121945733643,1
1.8824189637149278,0.049512096683544116,1
1.0580203891919173,-0.5205792246424253,1
0.011243599917533313,0.3733800810087452,1
0.8576246334312595,0.5215505057435872,0
1.091510503084654,-0.4859029500959766,1
-0.7012591725445664,0.7122592486867458,0
-0.047166835709464304,1.009331298478054,0
0.26486642732317556,-0.17695992283204343,1
-0.9447642183259328,0.33010326221069,0
1.7548573081669507,-0.12358519862301987,1
1.6459680845948281,-0.2963166352030214,1
-0.7452977839986518,0.6704518625220957,0
1.9673986621683286,0.2821305898449728,1
-0.20305084407144608,0.9845892406816308,0
0.3996548439113753,-0.30507584797701975,1
-1.0018052706903449,-0.0005025577259094786,0
0.9852658918955235,0.1772999070127228,0
-0.9866784140205026,0.1639996510128197,0
1.918486145093978,0.07687537594230776,1
0.9440682366153911,0.3822305273320577,0
0.9732770484710563,0.2002076287137637,0
0.9849132166955024,-0.49541098957109125,1
0.02925460404392871,0.3105723609568268,1
0.9773101606617776,0.06544822812787655,0
-0.898630693062491,0.4069592725668004,0
1.0971402809207407,-0.4971471561118796,1
0.0307422763494684,0.2517829712259614,1
0.3040118059564257,0.9475978386885204,0
0.019280932696682688,1.009281595223669,0
1.0034798416481312,0.06172028556881103,0
0.791232763952876,0.5918175806888,0
0.09973321695528094,1.0016256959329564,0
0.2739117087600504,-0.20263405510707969,1
0.7199101263754066,0.7059270298452789,0
1.9645813289807748,0.2877173596999625,1
0.8518477132856537,0.5438161291239706,0
1.0911451753579013,-0.5057558037227284,1
-0.005306531592141567,0.4515920727409459,1
-0.8667100018621384,0.47629428731752416,0
0.8840464125243368,0.44292925241795444,0
0.08967455531247943,0.9983736209926967,0
-0.7073960520118053,0.7288880118122646,0
1.9077536330495224,0.08972325178695421,1
0.29175347004339747,0.9569794014230312,0
0.5588257063905221,0.8204738501348493,0
-0.8766090905815377,0.49689645902626817,0
-0.5332678026358425,0.8473107169786952,0
1.0462440465349463,-0.4912442182599942,1
0.6897852502039813,-0.44800709794930077,1
0.0460388834019657,0.2710215680431656,1
0.8284058018539766,0.5533380889420252,0
0.14310768674832985,0.004421792494150176,1
0.932285022852405,-0.49126505154477074,1
1.9826866479035086,0.36541522890418215,1
1.081331818108643,-0.4968551792174869,1
0.46057211279106797,-0.35665138239359667,1
1.9593995619147928,0.25304270769816617,1
-0.9749746901431539,0.16245162138684438,0
-0.9142036444937682,0.39715444834102964,0
0.2776770907788351,-0.20469399420679535,1
-0.19197036151858296,0.9829081933231175,0
1.007103673771592,-0.5013900888198987,1
1.5216461854452121,-0.34196874339864247,1
0.31725107534683994,0.9326822002024906,0
1.4932078079600326,-0.3695912050658972,1
-0.15462361994477916,0.9866730078824925,0
-0.6379969830249386,0.7908572107598373,0
1.1996462044791607,-0.4852937296306446,1
0.8579072377125316,0.5016670318083916,0
0.15816242932745492,0.9733327383491961,0
0.8571860252067507,-0.4848749798252134,1
0.39526150518517816,-0.32914658507998423,1
0.017096857407443013,0.32565432335204997,1
0.5539656041169984,0.8573477334744556,0
0.06944276415668296,0.13256921652578194,1
-0.20064633074254434,0.9723171897730241,0
1.7704049467600127,-0.1454018060104854,1
0.041792986576171615,0.2563474808622289,1
-0.2123907062582121,0.9823056489485021,0
-0.7480588039260612,0.6644050272251256,0
0.23831567873408288,0.9851463285193686,0
1.3360481177114372,-0.43684675769107434,1
-0.012454209865744617,0.9912490917746526,0
0.24088270572499804,-0.175747478163886,1
0.923890269478778,0.3916733500087282,0
0.11569640790983461,0.04345789227160289,1
0.8716075754218574,0.4891068640822967,0
-0.5405588526618872,0.8536773704992939,0
-0.018205384129713526,0.9867166765674823,0
0.07785488795644617,0.10848209510260753,1
1.5373427221932783,-0.33209020576874415,1
0.6177271351793822,-0.4309208088522218,1
-0.11364607369417905,0.9912578656495515,0
1.4899534533921546,-0.367976044728985,1
-0.7764193093546866,0.5858630676321719,0
0.8304669450774947,-0.4792578798260615,1
1.1246117747479627,-0.47801801948745426,1
0.7605622487233253,0.620235584091583,0
0.13121881208192826,0.04784915102457153,1
1.973690237688602,0.39571083709167937,1
0.4203252922219723,0.9202550189781744,0
1.1314365377616402,-0.501209101390301,1
-0.5663365851882665,0.8087270507651626,0
1.2162008543500327,-0.48881078163412284,1
-0.9118831363500689,0.41971385036235687,0
1.9894984327120757,0.3914178313005853,1
1.8827173102779655,0.04565627695300847,1
-0.8211542107563621,0.5444202979987994,0
0.27076120159408135,-0.16731694460952953,1
1.0155022402736245,0.05802229870804766,0
-0.9181542666544853,0.36459650665424603,0
1.2148038758912203,-0.46920123133358344,1
1.3120039372581056,-0.4286111569541373,1
0.31418311752796824,0.9514217309094817,0
0.9249924085875159,0.3666574177726912,0
1.2987261758257855,-0.45893151577320407,1
-0.520768660633133,0.8659095048968733,0
1.9081554129638196,0.10762023645153257,1
0.9648066852938015,0.19652263055647395,0
1.041834229489476,-0.4918550426480481,1
0.8544130979344824,-0.49196917161575837,1
0.49802305104203987,0.8729264428358358,0
-0.506521047723584,0.8818530175615493,0
1.5009572004661216,-0.35581161349237195,1
0.9262155420928271,0.40341498732510633,0
0.02614264275983335,0.2553491881585958,1
0.2941268379622715,0.9566601709782738,0
0.511093094283212,-0.3728191322323646,1
1.7116132904166264,-0.19297713712331696,1
1.4473797973300944,-0.3715581750150192,1
0.36177892581138943,-0.25392040741191574,1
0.09395892115252821,0.06645439226446588,1
1.7306346829121617,-0.20695516905618627,1
-0.9663045106116043,0.2633609951238063,0
-0.40053241462829203,0.9216221477836922,0
0.3861232050871868,0.9294853084669085,0
0.19315900557293986,-0.0962407864891333,1
0.027955557805144374,0.3007948858361115,1
1.5211180207304462,-0.36474957313333284,1
1.9924869364602589,0.4157156818661924,1
-0.8326116167845312,0.5518084479676205,0
1.5856626743987936,-0.3131018400445323,1
0.028856165934998977,0.28883614630623,1
1.2835540692238814,-0.4477787858808216,1
1.61938075937208,-0.28307844095675944,1
0.28854263423728066,0.9438388305586294,0
0.5613538986400535,0.8313412075155622,0
-0.17747722266235438,0.9981395525226726,0
0.9421388081008638,0.2788523656088855,0
-0.4814710770708307,0.8650551502383836,0
0.8970474550913523,0.40827660353112877,0
1.4236540863963087,-0.41051190955769956,1
-0.8857023701708233,0.40498987558947785,0
-0.679829440307526,0.7447149704833641,0
1.593016296359277,-0.2915451202681281,1
1.6294648771079852,-0.27880409287272506,1
-0.1478501273602337,0.9791382958478025,0
0.22754384379476955,-0.13749496675917977,1
0.017479199172417078,0.34363700817088577,1
0.44276064664803105,0.8897119914565069,0
1.5913598093673609,-0.3067494504834002,1
-0.004025520914814138,0.4557507036601905,1
0.3799239254462767,0.9106556414445263,0
-0.08709609254602493,0.9875564048568792,0
0.4705791331961471,-0.35104424867275347,1
0.2953563557400955,-0.20181649505831362,1
0.9815930388665981,0.12884478301910512,0
-0.9005382683391717,0.4494336146811037,0
-0.1612945729212562,0.9922399531185582,0
-0.8993635089618427,0.47457863020287344,0
0.38274785212270057,0.9111468057395316,0
0.9641267350169688,0.2854503688764943,0
1.8563841876286227,-0.01332547509762496,1
1.5420585496603556,-0.33797225630513317,1
0.7027034608488446,0.7222353731511195,0
1.9364246229434905,0.1333298520043252,1
0.8411720121848413,0.5616325210573023,0
1.9959220043132526,0.3247042673244738,1
1.6292789288888767,-0.2848094053079027,1
-0.06670839856237798,0.9991099130823247,0
0.8069030674805839,0.5790643660417588,0
1.9353552169050074,0.17958668473167624,1
-0.9313417195614385,0.31020607812467993,0
0.8259977713898012,0.5425521157880474,0
-0.9714391357361167,0.20567644249251843,0
0.9242853896672578,-0.4791307807713655,1
1.983569384243253,0.4205010683412574,1
-0.41978809047898435,0.8846604083916879,0
-0.33850070861803905,0.9366561088163422,0
-0.9752574942040487,0.22801506428277613,0
-0.9250549402621916,0.35018779776111425,0
1.9950980361905033,0.32962777415196226,1
0.10497238200384114,0.9963568058769628,0
0.21351169251626728,-0.1452157324730056,1
0.5130214750742563,0.8689876535946991,0
-0.03667550644358448,0.9835632569540378,0
-0.9977566413851748,0.07538211406799335,0
-0.7077085653120637,0.7181331165665296,0
0.7436093742783072,0.6638644124551955,0
-0.9600912932502637,0.28057472461845184,0
0.5737406629484038,0.8201594379812828,0
0.9912111524721846,0.188493046845913,0
0.07779491209208066,0.09524923999049648,1
0.983089198495061,0.11238620581691053,0
0.864543787646755,0.5130739614252137,0
1.7111294516825115,-0.21271173751407263,1
0.5304653971949771,-0.37831736437760166,1
-0.6599221159301963,0.7328484412901388,0
0.9772383805049702,0.17102872932520796,0
1.0021552784800056,0.07032227976540073,0
0.6002476557108903,0.8148379022176273,0
1.8573339557171318,0.0036766579543166364,1
-0.5556649837829809,0.8424883525906716,0
0.002627387986631399,0.3754634030778086,1
-0.19700950793450966,0.9913178227898835,0
1.7738959377697674,-0.10608886036431346,1
-0.8645417729865345,0.5144517146413005,0
0.5973429378842384,-0.41958462910082595,1
1.9962672493542584,0.4742408472292944,1
-0.7367449852442778,0.6950660798360977,0
-0.1811575632371037,1.0061934684648162,0
0.15765249567524325,1.004319908384327,0
2.0098795248574284,0.44544246619828887,1
1.525986694377071,-0.35517256505870337,1
-0.8294213607053933,0.5655167621405229,0
1.8927093102933246,0.07114376260938901,1
-0.13540254064716445,0.9742467783988639,0
-0.002195283472901391,0.3717590417940732,1
0.6225159192169406,0.7549766540714811,0
1.809128355891596,-0.08521891025784767,1
-0.7476147533552248,0.6402251721543216,0
0.011660028338659098,0.36041561128480554,1
-0.9714858459376129,0.2605742824387942,0
0.42400736015353446,0.907797613184387,0
0.458678281905049,-0.3326916179136897,1
1.3674326119565527,-0.4257507162566982,1
-0.7433254672552786,0.6787315621447809,0
0.28932765401305865,0.9393117015586161,0
-0.7712511382878375,0.6288515660274925,0
0.6902976284004669,0.7198624327328701,0
0.27692013417995226,0.9777050501828358,0
1.7926397723790677,-0.11639199611398846,1
0.14040464271422842,1.0052782510699063,0
0.5250882243887116,0.864463651507517,0
0.8568476074070976,0.5210410853329961,0
-0.23521105393016106,0.9730087638583589,0
0.14993617850680144,-0.001314335763935113,1
-0.5609290429517758,0.8260873413525979,0
1.9166532247990469,0.06134673305180679,1
0.6274612771763222,0.7900541558888144,0
1.1614231113610338,-0.48186266963203367,1
1.263025577325932,-0.4788286439760895,1
1.846876539179945,-0.027268998974771533,1
0.9316274455130977,-0.4925361789852133,1
0.0859209689113514,0.09261871461576571,1
1.6866595007583227,-0.22939695669215926,1
-0.7466003735001959,0.6386653415425173,0
0.8121957550255545,-0.4868665777128459,1
-0.32179600868798675,0.9532508306694946,0
0.008605709439937976,0.9931044643300726,0
0.04365922533495614,0.99123327150675,0
0.4078335091524513,-0.31974473661831065,1
0.8379718534832223,0.554825631471753,0
-0.9736077409694228,0.16789402152686714,0
-0.9869701042875962,0.05491942181936045,0
0.5536285049748981,-0.419039730218926,1
-0.35388063030043165,0.9442328234344463,0
0.7933816836112378,0.5673355036186117,0
0.08181643371505848,0.10582868080579476,1
-0.5856052302571594,0.7922313704464834,0
0.26315253976015746,0.982788404504447,0
-0.00793889760893089,0.38789042382151623,1
1.31944367271122,-0.44807456565460313,1
1.2257232994629292,-0.47548834525431394,1
1.2747150564215353,-0.4759875193141388,1
0.012260301473288075,0.29960882856042675,1
0.08696119055299871,0.10722895600784578,1
1.3384356478371424,-0.4580151979435722,1
1.7321476633778632,-0.18403244695964538,1
-0.6318673951260829,0.7540156195785299,0
0.9883751059565938,0.10936815347457932,0
0.544576022623715,0.8245627318704724,0
-0.8853868640687997,0.4513684862508889,0
1.9167369250945285,0.14999803919582524,1
0.461230020180435,-0.3384191515713292,1
0.4816062638476273,0.8811841440571382,0
0.8912181066168119,-0.48498054628396603,1
-1.0015112404297444,-0.004648464990793754,0
0.006896984947224947,0.38535590699992694,1
-1.0146972654657405,0.02559604756974686,0
0.267103822730686,-0.1900568997581176,1
1.8510471903003092,0.015259829877714418,1
0.9676268734776654,0.313130516875168,0
1.513523878517056,-0.37491367533654785,1
0.26156943115925396,-0.17275492460099798,1
1.311174154154606,-0.44262451582749895,1
-0.8951438075607228,0.43427798496829206,0
0.9749532039015374,0.15769847690810232,0
0.692184482748524,0.7275904032533858,0
0.7611613578581206,0.6409825861195605,0
0.06354864003922564,0.16459145380505907,1
0.09275971238983677,0.9950213035114285,0
0.006418649619642559,0.3460128552276654,1
1.9321731547410346,0.13167728530024508,1
1.3191078835463468,-0.462557334484993,1
0.22248937937830487,-0.1495116198480491,1
0.1934449886476627,0.9831354639148945,0
1.6864911203595998,-0.19138795958856927,1
0.5922996350795491,0.814684078860961,0
0.6561143555066611,-0.43437252299306095,1
0.8968178853681905,-0.5069527455716705,1
2.0023537848037885,0.44895657696256697,1
-0.6384747971823714,0.7813571876253159,0
-0.9002769137745619,0.4691707277454512,0
-0.324466479701538,0.9454716990088191,0
0.2147098663336257,-0.10515898654923066,1
0.7651712427165883,-0.4624668417767426,1
-0.7736591045334955,0.6155389581949487,0
1.9910563668787913,0.31716303842053706,1
1.7493572868735023,-0.1872340422834116,1
-0.520446920567277,0.8573211631489629,0
1.7486257627334816,-0.1652010843162601,1
-0.9910482402719789,0.058660191662293845,0
1.4843227392615181,-0.36578913867459173,1
0.6940963263515662,0.7422833785933157,0
1.9651869443164298,0.23191114955486775,1
1.2027123415792553,-0.4835628193524883,1
0.1484801557396388,0.011004284558464283,1
0.8673047640730103,-0.4865842780202357,1
0.18944332960045956,-0.08953146808619859,1
1.9607676313490257,0.21490181117329524,1
-0.9884273527492369,0.09846027878474128,0
1.5976494527459195,-0.3263776604560767,1
0.03517793768690893,0.9994153666785708,0
1.3355338693999224,-0.4409527995571181,1
1.8954409157953183,0.04096298169293928,1
0.10207402453608481,0.9868829004360536,0
0.8098697242009544,0.5761055439105295,0
0.33636151397127095,0.9427884441463398,0
1.991202410872518,0.48686113078716753,1
0.9010324349902938,-0.5077773061385951,1
-0.6787861739251613,0.7373871167189434,0
-0.8805499909151281,0.47534596646749944,0
-0.43884495547706265,0.891562144910962,0
1.7188943462357988,-0.20333179649578645,1
0.43076779551944544,0.9032484678930321,0
1.3210274835242921,-0.4435080528351033,1
0.45479258784198057,0.9034344746473032,0
0.8515779392817432,0.5289170070598621,0
0.6784470717854741,0.7283925617890413,0
0.4052432332876314,-0.2881956057409192,1
0.314539002803392,-0.24040353008756735,1
1.8980054357624163,0.04818855456734556,1
1.9147689290248149,0.07720128615805502,1
0.7236841655982371,-0.4529298918840259,1
0.003140731651725827,1.0082437737209728,0
0.007445766942922681,0.32074548398398495,1
0.22539171139387526,-0.14743708062134384,1
-0.3637711933336374,0.9268123589838849,0
-0.6741639515674049,0.7282721809387557,0
-0.9794517272628036,0.050830643876292485,0
-0.7641015917328409,0.6401341057704008,0
-0.7525868358059683,0.6418753344959326,0
0.9661372897145434,0.1757538921516327,0
-0.9623234684991915,0.2329575985297365,0
-0.9451533982775483,0.31766509331864984,0
1.024261425117055,-0.4930499043765057,1
0.4035425659610923,0.909120756292538,0
0.39215982501613206,-0.3055785511131795,1
1.7570320302099744,-0.13808154803253012,1
0.8658012888808888,0.5019994666979953,0
0.4453504389548245,-0.3596531492580727,1
-0.9691080245968748,0.19261416239730106,0
-1.0017108325316693,0.06418023025214999,0
-0.5982395081564595,0.7947524032266013,0
1.5906774340390508,-0.3008665817208208,1
-0.6724673025024986,0.7258352313301872,0
0.817901470148034,0.5493204399232305,0
-0.44758195202145873,0.8933805340032555,0
-0.8044446809080333,0.5931357644930815,0
0.1656710799478874,-0.05852685226299041,1
0.35462599331374167,0.949701129948188,0
-0.936904267541504,0.36545143157371424,0
-0.0417470172993802,0.9991045685267286,0
0.5431609858045882,-0.40248137048575316,1
0.0320503282750846,0.20517000539295435,1
1.1361061638654655,-0.4912422444114095,1
-0.49725596422361407,0.8670639560617069,0
0.8047540829742537,-0.4771014427903193,1
0.0563374951010057,0.16251821469331232,1
0.7429138395456223,0.692250474573438,0
-0.2092655628016728,0.9683204363446408,0
1.9941355244281536,0.4797559190951919,1
1.07771964979796,-0.4834755453785297,1
-0.5115503604271247,0.8645714377810073,0
0.39811880407505906,-0.3020898111349157,1
-0.34352563879672654,0.9206753385847566,0
0.5672780712290016,0.8300466970637798,0
-0.7690700086617573,0.643988595168131,0
0.6894157957449117,0.7171969405327113,0
-0.844310261134445,0.5553362012498715,0
0.1897766558207115,1.0116728621194757,0
1.7895165546281462,-0.0834292930023429,1
1.6719464574059102,-0.22930586742986434,1
-0.10329782483950814,1.0039500992486778,0
-0.9733326656733816,0.27324196209232626,0
0.014902635639621456,0.48124891864852126,1
1.9883198917834277,0.38967881888433803,1
0.8961713047799044,0.4466483846624251,0
0.6974449846121114,0.7097054513200634,0
0.33351133652124637,-0.2586580684138667,1
0.5612406647907704,0.8338412207553475,0
-0.5715601316794712,0.8185086178590019,0
1.8350232348843234,-0.046376121734791775,1
0.30254604895428355,-0.23922458737663907,1
1.7698736790650702,-0.16530418317038342,1
0.9827789796042083,0.14095058825481438,0
1.0826640347696543,-0.4922301417828917,1
-0.539205899164594,0.8370992767107659,0
0.902650233909179,0.43347282434159273,0
-0.9620513423771144,0.31254570224809486,0
-0.11906452848902163,1.0107222743736564,0
1.6474613307745125,-0.2681275791586736,1
0.8093918234214779,0.5772381537824454,0
0.337350383763248,-0.2355475465828609,1
0.349366069510245,0.9331503666927512,0
0.5737958319953689,0.8072732395862333,0
-0.9523858842089994,0.32773079170225966,0
1.810500878421684,-0.09323315207233589,1
-0.6155749129618588,0.7974481925715945,0
1.057135125609959,-0.4858533096747453,1
1.353351184809624,-0.44397684465300663,1
0.06340800254035735,0.11026149100435381,1
0.5811468265622844,0.8281480739443938,0
1.1629049044411615,-0.49156910270498566,1
0.4650631927803542,-0.3281954383234221,1
1.1606966437770563,-0.4886794190637036,1
-0.6735554911736652,0.73429506558652,0
0.5686799912830419,0.8224084725302186,0
-1.029320021353139,0.013745925569294222,0
0.053702766550303045,0.14288357681691694,1
-0.7184854373799583,0.6718672355520202,0
0.7181978134963207,-0.4492231133910906,1
1.963614690208313,0.21145758258497507,1
1.4594976838878917,-0.384354304882173,1
-0.2719091778589451,0.9342832910838819,0
0.3369881232330552,-0.23801245065342774,1
-0.23114146372044558,0.9504582602977957,0
0.06108977181828811,0.1278531663585052,1
-0.8285625709992622,0.5736918113011215,0
0.21860090935470436,0.9797126725152907,0
0.05673942281208208,0.09554704231107967,1
-0.9622382138821737,0.3124083075442148,0
1.9249002524294179,0.14091321742167828,1
-0.9331827750738494,0.344071623979878,0
0.13134829428175426,-0.022689037762967677,1
0.019255200419783167,0.9999563247374189,0
0.5228129703341068,-0.3722172855018102,1
-0.9569544628863225,0.3102091407632349,0
1.354042765734435,-0.4517973573097153,1
0.3255283016474406,-0.24258396226235515,1
1.9655228761954668,0.21601713461244526,1
-0.3478960607951688,0.9330270603258235,0
-0.9760967418099366,0.05198373996795682,0
0.9953358827795337,0.046430636714675455,0
1.3181162963852715,-0.4397015224349998,1
-0.5467518278805189,0.8237995316678959,0
0.2864703874019813,-0.22505313334401852,1
0.9036325038918939,0.4603290258217018,0
0.5813946163281318,-0.40538180528327716,1
0.49211764193470303,0.8736669296027688,0
2.0028305035562,0.47881390332518836,1
0.919287121877006,-0.49079688953699535,1
-0.5679101369085121,0.8392204513749023,0
0.04389473575819093,0.25683977398810715,1
-0.19958471775582498,0.9719053567226187,0
-0.20706225508810372,0.993522549846299,0
0.6994702695876215,0.7196571789563868,0
0.5026498110118005,-0.36886928334999947,1
-0.37556610079487157,0.9481408690498779,0
0.7976844629910771,0.5825190577069899,0
-0.48254075304916155,0.8801129630929602,0
1.934498700934154,0.19865686392647577,1
-0.9930882657987823,0.1722362274247219,0
1.8075089110791605,-0.06384158503690926,1
-0.8368857905610182,0.5493226079646467,0
0.49342872146279854,0.8667864258357351,0
-0.8168442618286691,0.5444431322260214,0
-0.992409515547644,0.012432178423491569,0
1.3147292186154584,-0.463267042220159,1
0.43100446728723546,0.9082466229454083,0
0.7305865469382655,0.6660212391710829,0
1.3197644740722503,-0.4561314002280528,1
0.9356499093732797,0.40035498957964755,0
0.9559772242097672,-0.5154284297228978,1
1.3036534353629046,-0.466458433187641,1
0.5458485257771601,0.84474136485302,0
-0.26783728344589236,0.9738509870882767,0
-0.7323499965744263,0.6683499585068751,0
0.02874478571489472,0.40657721301601263,1
-0.4296261417096153,0.902921788649197,0
1.997825837899251,0.41092308700993674,1
0.922851200901934,0.3896342909191656,0
0.22650126176485955,-0.12647613937851315,1
1.4502046219126332,-0.38831684106114894,1
1.6813348333737717,-0.22847820300628865,1
1.7009885109953298,-0.23653154051413267,1
1.734134418200208,-0.18923872328056507,1
1.468260080568595,-0.381874932247535,1
-0.32151789904777206,0.9394514845559353,0
0.01856485104610967,0.22140711951814468,1
0.6427481700379404,0.7601311611746668,0
0.06676058260183226,0.14458265323349215,1
0.946346071388758,0.3381544552018031,0
0.04885417822606251,0.2066470759804526,1
1.8187025301449475,-0.080406957942536,1
-0.85675512399753,0.5040821386120451,0
0.711628660946684,-0.4700110495354366,1
0.14870399682143332,0.9743294139969734,0
0.6901509139455774,0.7334439446929965,0
0.5664045602950071,0.8146905184256484,0
1.7769781871966288,-0.12315715066317011,1
0.2693428365133083,0.9558264557521275,0
-0.35074767967101517,0.9479847389930313,0
-0.9673664719690603,0.22511642110482413,0
1.0412041597302781,-0.5068167393806647,1
0.7577876429371729,-0.4750459616841451,1
1.0019700438308592,-0.503901674126679,1
-0.20877460152141294,0.9732373237795294,0
1.7769982444668888,-0.1221162058453033,1
0.08744805338521078,0.11937078922160234,1
1.0276682117569225,-0.5060177412187219,1
-0.8633282925065153,0.516560330912205,0
-0.8355456303884017,0.5417347237546175,0
1.9516079754523432,0.23770504397004644,1
0.4412583516617308,-0.34741280292322,1
1.092559465382981,-0.484513780988971,1
0.32086630081524825,0.948677279367754,0
1.5539387521315238,-0.3205544889058189,1
-0.7841740993714733,0.6014190615723022,0
0.8144322652264837,0.5961925700886385,0
0.09398720642538919,0.055256084537469885,1
1.3557418691661993,-0.4381542464967102,1
0.23993055004583422,-0.11623640395101817,1
-0.4379438702624527,0.8895024931609635,0
-0.3979549376148043,0.9144861567371756,0
0.6680123579105506,-0.45696420602212817,1
0.8699775620569529,-0.49332086705062717,1
1.3304102430910196,-0.4336482302439816,1
1.1560098463078154,-0.48433036353840425,1
1.8846255573086936,0.06616649938922023,1
-0.5539253339365147,0.8062170847782343,0
2.0005249664829488,0.4760680369671082,1
0.8269479448298257,0.5805887171349835,0
0.954516630139908,-0.5039799846590793,1
-0.6239946790113223,0.7999459070466838,0
-0.11303196719027755,0.9732956024556231,0
0.15571295156893508,0.9725183276823925,0
-0.8638697453457314,0.4791216592367494,0
0.9534748602677305,0.35640261443158866,0
0.15431748180585672,-0.0009910690623668277,1
1.7324844666724648,-0.17341225647400765,1
0.32348459880563324,-0.2501234521961936,1
1.1181385065475642,-0.5004406062297967,1
0.6062381612102323,0.7903746084852307,0
0.4407313564656333,-0.33812722541420787,1
1.9913535242296874,0.25471197259161077,1
0.6720299762017476,0.7400912141389273,0
-0.02932160314718652,0.9885825608491797,0
0.9641669610636799,0.30343353528350286,0
-0.30700973928328046,0.9435102852449777,0
0.05082465033118512,1.0084255013004442,0
1.915296275160221,0.11069172297049636,1
0.1905394947518508,0.9649352861502152,0
0.04369549455860922,0.1810321038226395,1
-0.833185677055155,0.5688921935545027,0
0.036036159761454516,1.0154075530725672,0
0.6772941236089672,-0.4460924419901002,1
-0.27685579512645014,0.9823174181235388,0
0.7316979824941963,0.6619156815481659,0
1.4435548829481577,-0.4017141345225457,1
-0.4783375991985485,0.8660107430975357,0
-0.9685809611178454,0.2827285153893875,0
0.3387615994689704,0.9537618952909723,0
0.7129414500987236,-0.44978188035689814,1
0.003456907473646077,0.4051849343559319,1
0.9553665178137549,0.3100738033150818,0
0.9897586186041807,0.20495213221050923,0
1.7135044285416206,-0.20597678608376938,1
0.08087844477644629,0.125692057070578,1
-0.31276074315768765,0.9393982343760228,0
1.9433596268634845,0.18350714872338156,1
0.8339516487208792,0.5256213878708015,0
0.9798938732494941,-0.5041114447008854,1
0.8318125326834583,0.521908486308198,0
-0.11157496645370986,1.0065461650019059,0
0.4896564398308835,0.8585553688903017,0
-0.1462619656913547,0.9760026640576414,0
-0.005673210851994527,0.3705873844171656,1
0.4062332330597452,-0.29990488214850414,1
-0.9895488772283398,0.14995872697656507,0
1.3496485693837021,-0.42825070847836394,1
0.32092022935355613,0.9520649068175362,0
0.08033384907985518,0.14621919380188653,1
1.1866635129361183,-0.47879423981241104,1
0.6783539116495333,0.722826351291525,0
1.4791083171861419,-0.37003148255737217,1
0.08328314729997291,0.9985489770238825,0
0.9928318977102178,0.0948784023956311,0
1.2789472381416722,-0.45163544399798305,1
0.2342078002570798,-0.16199269316324488,1
0.735221896620722,-0.4585976955188077,1
-0.995770607019365,0.009189735473226901,0
-0.0024655638370498093,0.4390701069852027,1
-0.9331814392446861,0.35246569483141876,0
-0.08087673143094236,0.9746627212979811,0
-0.3790299325195811,0.9139587507462721,0
-0.8981019583664385,0.4596824125906634,0
1.6975723590906944,-0.22084026896976416,1
1.4975254653561283,-0.37403289144570284,1
0.9450395334690809,0.2659702798291065,0
0.017257339056286618,0.24242257215844146,1
1.6688650639026892,-0.24976711246376956,1
0.9962419586138698,0.11093999809389508,0
1.0067390769780586,0.012570580551796402,0
-0.6985532398551132,0.7128331565769316,0
-0.0034576494390862935,1.0008556237725712,0
0.015271796266215084,0.4068044067625585,1
1.812765765713182,-0.09052149117361587,1
1.748776520657149,-0.16302908612841818,1
0.8609276698997609,0.5170946424641221,0
-0.9774628105162692,0.10504368730805835,0
-0.000741499035265338,0.47537649491418765,1
-0.660838159073638,0.7677011794490671,0
0.7368168889625175,0.6854346864842703,0
-0.6650034992653446,0.7407839344344632,0
-0.47601783194588826,0.8965298418779618,0
0.8975824608989618,0.4346648703214993,0
-0.9742029521862767,0.1811681570799892,0
0.26764193788145807,-0.18132719251675075,1
0.8666169464947951,-0.4806325600188412,1
1.8210397178185882,-0.07943682238550871,1
0.9110569831302275,0.4062648833914432,0
0.028322141533540207,0.21986048636589714,1
0.010477608326055128,0.4813787964844744,1
0.9696877689007248,0.26603656814639537,0
0.930978859826482,-0.5093581971442148,1
-0.9873547891441937,0.16607135534351314,0
1.889412151316517,0.037509550881226615,1
-0.08204241974501297,0.9963348038425035,0
1.0761109307463117,-0.47704694350947185,1
0.7072561273630935,-0.45309155341985924,1
1.3878867043328957,-0.41454630029237033,1
1.9300795728857831,0.14989297217708103,1
0.7087776310334931,-0.4492976679008194,1
1.9974651229163838,0.37665462655332616,1
1.3269421725386314,-0.4328859428380191,1
0.9984770617001354,0.07766789947851895,0
0.6943677053936141,-0.4641973189933933,1
-0.8386141821104844,0.5300433430651093,0
0.8248501424812175,-0.48032557055794184,1
-0.7398299151528979,0.676470770475231,0
0.6490090784864327,0.7258400402165122,0
0.4443300435236348,0.913382816605294,0
1.4504665242405181,-0.3904210170499726,1
-0.9811397495490118,0.1880758808492981,0
0.8515995268760351,0.5332386025385808,0
0.41940692863816786,-0.2938938661699642,1
0.5340263614270059,-0.36859372656281575,1
0.8455808888473952,-0.49665188669962507,1
0.8778061059774775,0.488573225702618,0
1.6231979619557804,-0.27725775283859416,1
1.9930691142904626,0.4318296467898963,1
0.9274542629705259,0.363790296841959,0
0.034128143376101455,1.0177064178972082,0
0.9808327243806486,0.09748659992423396,0
1.8456814648986335,-0.009136040887281555,1
0.42355427302317933,0.8883634338484268,0
1.006572328997119,0.11517160663847689,0
-0.9785459126938021,0.2465609150828544,0
1.9400212365198068,0.11862905483617747,1
1.7428886983498744,-0.19454263510082118,1
0.736653129281903,0.6833839886446076,0
1.8033134589510735,-0.11916030530687216,1
1.0354638262301312,-0.5026174320597809,1
0.9896982948397645,0.09813434256491668,0
0.7522929901995766,-0.4694545330459951,1
-0.7114859928563122,0.7198311455368334,0
0.45666242485213665,0.8787440787930926,0
0.2805484907374503,-0.16922518191310018,1
1.9149862585156794,0.09502594435109533,1
1.574327677326898,-0.34829737264262073,1
-0.3309290347129235,0.9413324030734617,0
0.5447894354362717,-0.39320074919973713,1
-0.9064139771103713,0.39147331955629266,0
0.9983231687128439,0.10067256609288056,0
0.9434835166388471,0.3397850882067796,0
-0.844996043477377,0.5459341584419771,0
0.9673010543668461,-0.5005516553464051,1
0.5145012860385637,0.8555213684663536,0
1.9328367342517108,0.13330768934596524,1
1.9330364266620066,0.15253027264271762,1
-0.9786987081812151,0.24875012227742455,0
0.9706490370988137,0.217302724729379,0
-0.8096047630807887,0.590276372217217,0
0.5648145461219369,-0.3954108879473502,1
-0.6758903256305492,0.7349422439330549,0
0.9607475582739186,-0.5094686153806529,1
0.99989073963352,0.16732476987813788,0
0.1198161565245052,1.0070665375246075,0
1.7038966540871303,-0.21095039894937523,1
0.6971049781126271,0.7287965512494575,0
-0.7642607395985728,0.6488223914108873,0
1.942475446639457,0.1763415766994857,1
0.9621090421548789,0.25789192267604155,0
-0.9837319788396951,0.17020716413739684,0
0.3572894356219867,-0.2756624355477467,1
-0.013121345893803761,1.0070857951547338,0
0.02761383377352427,0.28061866563642746,1
0.2585066893327563,0.961453423319563,0
0.0023654259923014467,0.48470411537672914,1
1.294092634730738,-0.4544816874996875,1
1.0084464261748733,0.11702618063580074,0
0.48139514063518896,-0.35373807136650043,1
0.8735957736478362,-0.48317076157050204,1
-0.9758727268826143,0.2394985262271703,0
0.0649828360639944,0.15949450864114736,1
-0.5246025304835367,0.8449169227404711,0
1.5697622206978208,-0.3128917495470598,1
1.9250022250698458,0.15277996669962368,1
-0.9690824952487321,0.21016920923125132,0
1.8132364985067286,-0.08686125629625703,1
-0.9934603086530278,0.09977534436468281,0
1.855700339897068,-0.0013150039548094534,1
0.9414129065959721,0.28692895382530104,0
-0.21613105279898212,0.9786626680674246,0
-0.25393400981857317,0.9573866623541788,0
1.9047329616218107,0.03667454093456489,1
0.7769795863254036,0.6442212259531096,0
0.600948421658888,-0.41122182356346776,1
0.02693824569801651,0.2552338423906462,1
0.1299440843685486,0.03159827359847764,1
0.4464716846766442,-0.3357429471034684,1
0.19397394518814706,0.9703700414910634,0
0.24025500277641862,0.9837005746168926,0
0.5936438249159958,0.7978114230307951,0
0.4046291306269063,0.908025733069536,0
0.9589508057001036,0.2604826484781672,0
-0.43906547684202135,0.8962799432887082,0
0.9010007826718093,0.3864155467067756,0
0.9493536591331235,0.2993462222702415,0
0.18082319644268344,0.9877929754400445,0
-0.6838003475108817,0.7444197919698938,0
0.9850528860942855,0.17841656144522047,0
-0.9859246308813213,0.19217391611277385,0
1.0440514248938904,-0.5005027048501278,1
0.024297968698064422,0.33568307982216916,1
-0.8985088783800718,0.4284622809978089,0
0.27010077215032474,-0.2088415183046842,1
1.0164589170896672,-0.49945562557764905,1
1.2604179990585969,-0.4751104405459198,1
1.340726537493848,-0.44591708027695715,1
0.987138203749339,0.19428617216481098,0
-0.5830769839535829,0.7873874070746495,0
1.9650550284904986,0.2284625623865587,1
0.3926960283093092,0.923342059171694,0
-0.04435060944853654,1.0106674944858896,0
0.8099190512080754,0.5654468764785039,0
-0.4695077461161415,0.8643859191615635,0
0.8291598480230093,-0.48036488003852007,1
2.0094046863055173,0.47737117162068265,1
-0.8962875524939056,0.4237893149209762,0
1.9998398533699744,0.4660494417143278,1
0.03316204730819076,0.2642920699233439,1
0.9817983299701933,0.1335992231379097,0
-0.6766283091632331,0.7298233503936274,0
0.01182372992236765,0.3263824452840614,1
0.17500485227744744,-0.040220627216317396,1
0.8166183332868341,0.5862452377742943,0
0.05850567338466296,0.18777262873773348,1
0.9849424270913713,0.07203473963600358,0
-0.9099756324418474,0.3807636846419661,0
1.8180528408417844,-0.04658958931552546,1
-0.14495015546870668,0.9899782971251087,0
0.509062617224102,-0.3744394591141296,1
0.504260194702253,-0.3615916758597939,1
0.06353613115972338,0.11748544820019191,1
1.8415476380062086,-0.014474549543251655,1
-0.17263360436942127,0.9949432226414119,0
0.597138942311317,-0.420597138288485,1
0.7036503474737068,0.7185947607492081,0
0.495376492118033,0.8743625324262124,0
-0.5665743998012283,0.8258866814607773,0
0.2186381740333693,0.9688785351602944,0
0.43943546473953266,0.8762509716024479,0
0.16030174185395807,0.9925688904597209,0
0.9649725158712725,-0.5083158156303073,1
0.6952132038148339,0.7100890787055937,0
0.6377395475052027,0.7830510057238506,0
0.9991698122511609,0.07444753436984683,0
-0.5375469523316332,0.8601212402165163,0
-0.8154305945826639,0.5575722121796113,0
0.9025771534235939,0.4428676443424533,0
0.017226333137360276,0.3483999940229277,1
0.9872702520104973,-0.5135521193124286,1
0.9776660135343266,0.19990049041345198,0
0.9623841157292249,0.30080925755805593,0
0.25324847871144834,-0.16550241076598804,1
0.9706321784874683,0.24518468475877717,0
1.4502884338896054,-0.3879666521764737,1
1.6275010885940306,-0.28189215990563704,1
1.5545798406849969,-0.3168035789868575,1
0.1229730801002361,0.9885955925714437,0
0.264428797212191,-0.17031412256543738,1
-0.6758738881846968,0.7532410179487777,0
0.7961542193274525,0.605137427861056,0
0.2618953728563185,-0.19583744977329648,1
-0.11634996440597024,0.9881353704515867,0
-0.031589174580601904,1.0072940232955727,0
0.18738842972773118,-0.07974169632278133,1
-0.3716612939127869,0.9265705007956486,0
0.006692876768312551,0.4688327719413522,1
0.6530683284194925,0.7587816446414164,0
-0.6654846349841163,0.7413406390951048,0
0.9202288016300127,0.3785002732047407,0
-0.1806960586722508,0.971913531211631,0
0.8966880359158753,0.4464054583272145,0
-0.9990870743272868,0.12537706601374274,0
0.036608842929561874,0.2021371709471695,1
1.9740395694609845,0.21409672075603225,1
1.483397082862954,-0.3638398954511994,1
-0.6392499503736119,0.7676538658400507,0
0.8136693744806268,0.5974348617411358,0
0.5481029882368721,-0.38726327583331915,1
0.9720338954957408,0.22554854944661146,0
1.6632736684801717,-0.2639880444593272,1
-0.8477401600101672,0.5549215422431756,0
-0.7260767610378178,0.6944731337047851,0
1.4039067494172164,-0.42286305288473924,1
0.5635462209957022,-0.3765417422199858,1
0.9282741991092665,0.3460857643444936,0
0.3286568335985424,0.9527512715446834,0
1.6492268372914667,-0.22437444605390905,1
1.295126217499277,-0.4436462215732044,1
1.8846929003851287,0.07609178774338647,1
1.4388593302063126,-0.3886113810693219,1
1.2559941002873203,-0.4821413509360871,1
0.002300082800929255,0.4936345765177232,1
1.2710856456779782,-0.4578898071569784,1
-0.7351436572668836,0.6845885092451217,0
0.5796189634360245,-0.4104776404415554,1
1.3113896415474595,-0.45437756813211777,1
-0.20884757157573292,0.9843196805343951,0
0.11864305279786162,0.9834957675229219,0
0.7510790033493585,0.6472248300997165,0
0.9885251850580135,0.026660915541893267,0
-0.007776029673129729,0.4362471684419174,1
0.2167936889266895,0.9757972227315997,0
-0.760164517252766,0.6654223142719724,0
1.0045299455392094,0.10260142784917996,0
1.9844982627978875,0.3326085360070225,1
0.061832105798406145,0.1459451668316579,1
-0.7868096596841841,0.6277999360326667,0
0.8036920782417155,0.5962563479172309,0
0.12432795478916256,-0.008418858171620356,1
0.6865918938357694,0.7259195682934899,0
-0.9674912009695292,0.31655522696974997,0
0.23226796105021802,-0.12976985289476142,1
0.3209621361901053,-0.23841409391374707,1
-1.0009410779050083,0.10240525337464355,0
0.09909412617206824,0.07523294298342195,1
-0.25539350425737767,0.9616660969607319,0
-0.3642739641053644,0.9230919202357315,0
0.5297922968399661,-0.373246244043609,1
0.9920627880437783,0.17541048218611363,0
-0.2709987300231168,0.9644466569362569,0
-0.46107462767174406,0.8895088291591287,0
1.8535105666833445,-0.031147055255098175,1
0.09836725517926831,0.0618474767101901,1
0.2856160539618137,-0.19952468561959946,1
0.08504425282691558,0.1112796910849677,1
0.3131696308309264,-0.2552444638682104,1
1.0051102344998808,0.037118370271475555,0
1.9321079687355973,0.14362061182759744,1
-0.7462014979232101,0.6814073397356181,0
0.9508177698734973,0.32807385125981325,0
1.9729587399418598,0.2681422738031447,1
0.6522642995180655,0.763452674178813,0
0.9382236346653255,0.3164453931925674,0
0.964033773312215,0.2688552502746955,0
1.1788281418485156,-0.4916384852097705,1
0.6185601371170291,-0.4201226098622647,1
1.5475822555651682,-0.3358213818912842,1
0.11288339338760989,0.05018630754190718,1
-0.889936455551007,0.46245758808293397,0
1.9997258230468373,0.49735460842171464,1
0.9245823936468489,0.3159173078906756,0
-0.7122796208892552,0.7090927503886945,0
-0.9936229706553388,0.1467834775741941,0
0.31410951890362127,0.9628714079914922,0
0.23432786064067948,0.968164906490499,0
1.9493618645295987,0.21685666866016584,1
1.5509720179200408,-0.31636346947461186,1
0.8722482183140432,0.4961543780866745,0
0.9101994742641953,-0.4967095454179398,1
1.3761154906556639,-0.4057007541952167,1
0.3437430932431722,-0.23961172003722803,1
0.3872101153583297,-0.2896488508515858,1
1.9902624091421224,0.4492135443549879,1
1.952078473412246,0.15740650481843968,1
-0.9817285150156779,0.09451787613450285,0
-0.7967633924941773,0.6051687065877731,0
0.6048528781966162,-0.4196922314695907,1
-0.017450558503979415,0.39203600675766204,1
1.3906539529905557,-0.4179563760177191,1
0.3160437696781197,-0.24122028782974506,1
-0.48775131351511997,0.8804405792150829,0
1.1404997468503522,-0.4991600594095121,1
-1.0087251662014867,0.023102368985973377,0
1.8506326057859301,-0.037262258189422366,1
0.37193944866054096,0.9379396486702855,0
-0.5483919690048051,0.8415449894069501,0
1.9839705075491605,0.2826922268436077,1
0.2808320923850375,0.96854716575594,0
0.1562596530622884,-0.05380030051275026,1
0.240788113050083,0.972759135105377,0
1.270713687285893,-0.46484779808031557,1
0.07997948747414596,0.1054933620163399,1
1.2533497637818385,-0.4615217571775086,1
2.0085219711232374,0.4313913480596209,1
-0.14284658885922744,0.9807000606842586,0
-0.25428118296718655,0.9781253056520105,0
0.020458151176236162,0.3968562177753904,1
-0.7839489462436696,0.6241827980785889,0
-0.9890948048667563,0.13664212384987484,0
0.8906334164379717,0.42390596146648324,0
0.3729921113445865,-0.2777239693472351,1
0.4319290196189011,-0.33113817650252914,1
0.28291462516815274,-0.20530436938846525,1
-0.9107259886865412,0.39951363196469075,0
0.693915915011662,0.7264381021762563,0
-0.1800397553068889,0.9640619362743555,0
0.8690436518954164,0.5225472995317949,0
-0.7184403280344431,0.706512730013737,0
0.22847673365104884,0.9742498174361102,0
0.4195453269992545,0.8953359812511591,0
1.9571246642310767,0.2416992672366066,1
0.09394414269408109,1.008108037248232,0
0.016005904496978394,0.2528401616829283,1
0.7169180654314334,0.6969632799083744,0
0.848739573917654,-0.4813678447688267,1
0.6464759239338498,0.7719486125356836,0
-1.0065073257965826,0.022882977402272395,0
-0.8477038771040286,0.49662359359265784,0
0.838203215149287,-0.4829499908670248,1
0.03603661090567895,0.2497164094977541,1
-0.30040964640029344,0.9600834545271181,0
0.027645377447693218,0.2362933416393311,1
-0.5022882901141146,0.8716021496674483,0
-0.6349818109863031,0.7713024967039382,0
0.5538920499010971,-0.3756702105971757,1
1.8843396527474066,0.007896629220057185,1
0.22239194446399643,-0.11250530026459729,1
0.06623788092783252,0.1076014405313465,1
0.7054940013507024,0.7126922776121477,0
2.012408111371243,0.4870389619097598,1
-0.9413287829606501,0.264239135486168,0
-0.9278573708096254,0.37628707472545375,0
0.7408181627775113,-0.474736488902109,1
1.0743827578272074,-0.4781002234909374,1
-0.011418060282343379,0.9774014626250029,0
1.9631576955714956,0.17197576183522023,1
1.9619372656288323,0.2118076091577464,1
-0.8245231645190884,0.5368909599119714,0
0.05142749074121179,0.23178951933521358,1
-1.010074576434739,0.140863058598472,0
0.004188791261425571,0.37415470767284786,1
0.8589746228108998,0.49520246846129173,0
1.8715335832916813,0.027564975416882298,1
1.1425279540087334,-0.4844210075042768,1
1.8806177160304842,0.020448191613212333,1
0.10258857721037763,0.09365119624085831,1
0.4925229800321636,0.8816084039361262,0
0.8284586163113397,0.5468810486738989,0
1.0061287561409344,-0.0021304955572506775,0
-0.9189039126994824,0.42545689653476687,0
0.35660785187176763,0.9273917590466191,0
-0.8664283866365573,0.4941117332317228,0
-0.9584255383024495,0.31023762872410077,0
1.959161798409121,0.20534293547381402,1
-0.8636782826931335,0.5197107264469983,0
0.2869910170036114,-0.17729193851988143,1
-0.915870023835009,0.39978216972700387,0
0.9852554587682314,-0.49215634571732847,1
0.9204941337340365,-0.4970780024942686,1
0.9157253749333277,0.3861228168042096,0
-0.8984081890871218,0.46311656432245984,0
0.9859877410169613,0.13713357916473187,0
0.09530455545991846,0.06748670686843482,1
-0.9976936400798337,0.004313894417934764,0
0.48402589514941313,-0.36916445460326164,1
0.43745213952590645,0.8776597678843019,0
-0.003697419829074575,0.3934624364763052,1
0.878979302451436,0.487261572253537,0
1.9913361873251907,0.402415826306519,1
0.23457814868781504,0.9892685876121985,0
1.9922626237711396,0.3803885987433543,1
1.7449290073105284,-0.16146453594269056,1
-0.6728000297590763,0.733256285141587,0
0.3143109253603925,-0.21380372546497933,1
0.04427938826889275,0.9946702735644394,0
0.9569500638439195,0.3116518375477359,0
-0.0007201592816051296,0.4237591041847718,1
-0.4772962165884493,0.868263889654511,0
1.9998871882545552,0.3801619489091667,1
1.8356408047453994,-0.035824564528728405,1
-0.013398202316465603,1.0016386046828407,0
0.9328805275429014,0.36015473846362434,0
0.530956002632651,0.8508404337452137,0
1.9920899807315884,0.3510627948251988,1
0.37667090419593885,-0.28797912983018803,1
-0.5645286811993863,0.8244291359883736,0
0.46964437552526594,0.878590162049435,0
0.9965276668536982,0.06911001622020295,0
1.0995103479943429,-0.48900028089699,1
-0.7963588061553463,0.5845053110537831,0
1.448133026011001,-0.40612381133313874,1
1.201577246576361,-0.487363326194413,1
0.5147016317434616,0.8601965208391491,0
0.26763703282447676,0.9645538537308511,0
-0.43367591616191303,0.9112337237473476,0
0.17965444083215648,-0.032282904475463094,1
1.9195218909869158,0.12307112816868779,1
2.0018678737474658,0.36560631497459456,1
0.9421627626638686,-0.512181837632352,1
1.7741203546338342,-0.14208179656359315,1
0.05991809297351341,0.1181190467615294,1
-0.9206268256810343,0.38019286998851715,0
1.892610311718752,0.04425116330773411,1
0.7251137708869635,-0.47058353294683347,1
0.16620044908527565,-0.05397620333881029,1
-0.46785615562708244,0.8829344404591688,0
0.6431104405473932,0.7726078531576432,0
0.893391981764224,-0.5066485514888727,1
1.9687623158256216,0.30354600977476087,1
-0.22042919213487275,0.9623739866718585,0
0.44474153357249596,-0.343726035642509,1
1.694399530547448,-0.2209512739009172,1
1.5147275052406246,-0.3574016977914171,1
-0.3748500499693752,0.913609618007494,0
0.8006280371866501,0.6022286329049993,0
1.6561575567571414,-0.261448957817298,1
1.0191890925964222,-0.49450933907316647,1
0.9654555740649566,-0.48789630313559107,1
-0.8338195545940129,0.5546354603813438,0
1.8192227506999095,-0.0808287953385604,1
0.952242473664929,-0.49993194617340925,1
1.963201388454992,0.24347508256766762,1
0.4272937171561336,0.906308157144286,0
-0.9943775862467432,0.19095232842645468,0
0.8693698204268557,-0.47871037022538154,1
-0.9753418388528178,0.1740826087957367,0
1.467620856749076,-0.3904732368565508,1
-0.390012242121381,0.9095244800819062,0
1.1332584444251779,-0.4984095556278464,1
0.18842719578531789,-0.06967038933589768,1
0.2879059795254875,0.9788736872255277,0
1.5382120378870294,-0.3432779551404247,1
0.024865557248908533,0.3049274968886453,1
0.614704015459958,-0.4292151694635738,1
1.1476105577601894,-0.48412286215917294,1
0.37823474537418433,0.9262310568255777,0
2.00009397407074,0.479518601897744,1
0.5218458241199219,-0.3721311175922139,1
0.015380250383502745,0.47229220720562626,1
1.9853246387753072,0.27052573870270286,1
1.8595743633417858,-0.021090748350271592,1
2.008110195865656,0.45471998408696934,1
-0.9889447267436607,0.13148560940731385,0
1.1254506994410185,-0.48640349333680494,1
0.64465412445778,-0.43357658916022773,1
-0.3788622680500719,0.9285314211169602,0
1.2378333359041558,-0.4674355083047014,1
0.007078359727719937,0.36345200195344585,1
0.6452011788667907,0.7441254926535045,0
-0.5804871999316326,0.8128439332099979,0
0.6906950172081353,-0.4558836908250854,1
-0.622603976890064,0.7974582692517366,0
0.5811059541783552,-0.40270662605324703,1
0.24168008365388008,-0.15250394035624695,1
1.8312918961643208,-0.0541874145467125,1
0.22745187154068333,0.9641790909028279,0
1.978595407946742,0.3620466944972116,1
-0.8474007088352338,0.523614095935198,0
-0.8023692597724361,0.5890564778291565,0
0.05288376393991232,0.9936562066264406,0
-0.9974833964790116,0.024289047554551677,0
1.9915258046066793,0.314973815703734,1
1.6744298417439483,-0.2526435156483159,1
0.9089636342961298,0.36667335573546156,0
0.47403948325760076,0.87111243052305,0
0.14977708769651404,-0.03449304785267923,1
-0.3057516070380508,0.9445512142680416,0
1.9382407340385148,0.17004370139275082,1
1.512167260915156,-0.34759194250975417,1
1.3972855130553268,-0.413980670710584,1
-0.4242962119347293,0.9029157100761669,0
0.012461757781305783,0.47208553272636644,1
0.054046118423733545,0.16987986362192037,1
1.0294814314474305,-0.5089860816563005,1
1.6677713738293019,-0.2572449692287385,1
0.8753037679901742,0.4914290667956858,0
0.7352396240343076,0.6417177280181089,0
0.011707436605556221,1.0024530886070226,0
0.6523578693305586,-0.4348831171414256,1
0.43825704946323046,0.9055905209582442,0
1.9245674578341112,0.1556969905057477,1
0.0198228353050033,0.3076359822478667,1
-0.5573099474103597,0.8263565020071335,0
1.702977577743144,-0.19894680381249413,1
0.08172002745264975,0.14651274694341165,1
1.4140473796971724,-0.4190010901973805,1
0.5649759299172096,0.8178417108629585,0
1.0948115856045184,-0.4980497762686318,1
1.9834331880586984,0.26592421407568584,1
0.7726070802641363,-0.47693046265959527,1
1.87539144231916,0.04980167726392201,1
-0.8301017438843523,0.5795642339401517,0
0.045502588803379124,0.1937353965843497,1
0.29098897204920326,0.9373900656184899,0
0.5045278223833969,-0.37727005603720964,1
0.7148373914357882,0.6916905873833654,0
0.7386686076459804,-0.46446688899061794,1
0.6854010029546318,-0.4559925733336943,1
0.07165230347772436,0.98808872056229,0
0.4721777748669093,0.875546298256869,0
1.9864332093376709,0.4272806837226607,1
-0.012598747405477442,0.43118266985833165,1
-0.753345823639461,0.6671971049000268,0
0.37695342147931743,0.9356347227334434,0
1.1527951542054584,-0.4898781811866657,1
0.14097467719031306,0.00956585594095551,1
-0.2332470610928163,0.9854330632074163,0
1.7551953362623323,-0.15381255618789566,1
0.2768533149759526,-0.19129430904392156,1
0.9633385273082218,-0.493136148283323,1
0.04864681257509756,0.1890889382916393,1
0.03489850514227088,0.23352268069737464,1
-0.7174484631072857,0.6876242060770086,0
0.07602540445631228,1.0086739853702973,0
-0.6296420317633263,0.7755762730545415,0
1.6582167778294683,-0.24509881795230626,1
-0.6771162610997256,0.7518549687284886,0
0.6440239613260883,0.7742053287660295,0
1.9932632220282938,0.49837060224667173,1
0.25098645987064405,-0.15389006131176752,1
1.4725374287899038,-0.3811045030742622,1
1.9865017638794218,0.4924299890908661,1
1.1059199017561288,-0.501381034940109,1
0.09439364254148423,0.09144515940746237,1
1.7242547599936031,-0.18718230693817708,1
0.0015538876976415284,0.4281209207053973,1
-0.5065245571692479,0.8553121233718297,0
1.7827864159739648,-0.13390312731045764,1
0.9000040708985249,0.4325852396531691,0
0.019612634570417106,0.9941877109154184,0
0.970288773466504,0.10066752783369604,0
-0.974738007695696,0.1967048931225737,0
-1.0043441036845648,0.1655118199419237,0
1.967600801953584,0.21161482973017257,1
0.3300525684289979,0.9555696511510261,0
1.3841416016851211,-0.432261080166313,1
-0.5367636867442499,0.8283112744232617,0
1.583608997324696,-0.300518174205091,1
0.04127041324579386,0.22931209419787024,1
0.8642796368638103,0.5365519696066839,0
0.25226129510677225,-0.16549475747716033,1
0.8287153883914079,0.5661157673443847,0
0.6059169484408663,-0.4215323039085033,1
-0.47235158246481906,0.8783112992018972,0
1.9565826164154432,0.15458200623895246,1
-0.5347200714298007,0.835727595269162,0
-0.32454357591512806,0.9452952186258411,0
1.9957098289479709,0.3581514728639665,1
1.8678484109335158,-0.007841713216250995,1
0.4747708561632676,0.8949408076773161,0
1.981007816646154,0.3641523131484693,1
-0.8148402226341771,0.6057921388427726,0
0.9609696890299076,0.23971074647241392,0
-0.2972235399401623,0.9631097097334882,0
0.07897487365693283,0.09317073000987754,1
-0.9868085946497757,0.15374598856951804,0
-0.5213107775567454,0.8476301988480713,0
1.698380435287047,-0.1962654485648877,1
-0.9762645073356412,0.1597012824429707,0
1.6889935070904853,-0.20118668667164688,1
0.7650360441933389,0.6495555003689679,0
0.3153840523638838,-0.21709629224617275,1
-0.893686256447186,0.4308376278310492,0
1.3835441694683368,-0.4256771212974143,1
1.934949855670768,0.19424877709708688,1
1.9808292605085118,0.3654187100029928,1
0.7962483452535061,-0.4784551813966601,1
0.0014954182609209247,0.48625512443873703,1
1.0561888767325591,-0.5074783500260812,1
-0.8472807969312498,0.5219826666327265,0
-0.05988942346328312,0.9966863629207773,0
0.9474323645416782,0.2533052141344601,0
-0.43657887220084457,0.8892509770582152,0
0.16276643127236445,-0.034561622753790835,1
-0.18825549985886597,0.976504823185314,0
1.1172382560645804,-0.5021711877558314,1
0.3661760169532478,0.9224184605931973,0
1.978930318921815,0.27070734924803036,1
-0.025533962345202166,0.9982054871712804,0
1.6857775702749636,-0.19322615410916802,1
0.33142051910336817,0.9455103812764142,0
0.8593928757143774,-0.4858011265971022,1
2.001108319449989,0.4411018306059771,1
0.9798988886374684,-0.49319671437206974,1
1.7389845445605396,-0.1563554554158169,1
0.07122402436292152,0.1011979562618463,1
0.5964232807626195,-0.4132355471015675,1
0.14463772123848642,-0.037695836415451614,1
0.9866802021543735,0.11871137364907541,0
1.9886466002001588,0.49269297802569323,1
-0.8226954996498356,0.5821372814884099,0
0.037493201347496084,0.22085758861542232,1
0.5426705142507795,0.8405280610534346,0
0.9910500368130966,-0.5004794755725049,1
-0.6078228833365957,0.7795045066294993,0
-0.9881119069579776,0.06211695157117673,0
0.42792320249649096,0.9105182448126574,0
-0.843827563789459,0.5286071532119008,0
1.9102973597163728,0.07158751007627101,1
-0.40714620967082177,0.8906584242923709,0
0.9753671019236457,0.20895308830204803,0
0.6474705292856012,-0.4236739613294161,1
1.5383803771363795,-0.34029620886656226,1
1.6164698535891255,-0.3027730537597998,1
-0.1482296542330965,0.9980480261686421,0
0.4110389417057583,-0.31042309254551737,1
0.6746218877788415,0.7343235313151327,0
-0.9522057136691745,0.28953408689900517,0
0.06898021715057527,0.1402050455496956,1
-0.8649925551911228,0.5114491260612831,0
-0.19240521441818623,0.982282436158661,0
0.009078295104678787,0.34785222159399526,1
0.9262495535431495,0.3851746341680308,0
-0.5657873504775133,0.8265923792364718,0
-1.0052327609143645,0.007179633930243382,0
0.6815606879078133,-0.431650588447376,1
0.5124062374217675,-0.3604927886689405,1
1.4054167324665279,-0.427036492094251,1
0.8702591463371546,0.46053915190910627,0
0.9825451397922778,0.08086284681111597,0
1.3993830482521092,-0.44154534441996507,1
0.9660933005118797,0.25932402952238154,0
1.5020090940723212,-0.36046267727035125,1
0.37374735327084846,0.915422879208884,0
1.403419518220757,-0.414534760053459,1
0.36714856245963,0.9413871154874554,0
-0.3168793503259624,0.9410217195383905,0
0.6961840771429193,-0.4578977502262946,1
0.5903537440548481,-0.4168199084660183,1
-0.8430231800347748,0.5395959667980565,0
1.616792449878511,-0.28252838027392274,1
-1.008266078550318,0.0787812686555873,0
0.7380739102303334,0.6946729970460277,0
0.8002590777649013,-0.4803055286005496,1
1.1894380230107835,-0.4774748100703155,1
-0.947513220935652,0.33297804890818083,0
-0.9620361544256266,0.24931500981290663,0
0.3104206553010178,0.9448394985535424,0
0.3418039533504406,-0.2582984566417947,1
-0.6795470089966694,0.7286273121189306,0
0.7089368981438651,0.6880270589945573,0
0.9372908434767786,0.36369976137785903,0
0.6478629925885344,-0.4400859674076053,1
0.0069656654100455715,1.014952641628795,0
-0.12588665098403007,0.9827922705340059,0
0.08097679321469364,0.9941707445092164,0
-0.8702352293337748,0.4757957346210325,0
0.2014556832065484,0.9687358013009058,0
0.006316245893097106,0.40925766324712265,1
-0.50891021965537,0.8664159679788959,0
1.0083508515871507,0.019622216958677646,0
-0.06789235081512376,1.0204776096797976,0
1.838909235643119,-0.024679807068135717,1
1.756566070654016,-0.13108186236777392,1
-0.3474767685352654,0.9257749072914601,0
-0.05140261236787927,1.0200360097505,0
0.43272580063653515,0.9092628947476885,0
0.47615818831412954,0.8920037962191413,0
-0.3412108874007649,0.953696053143376,0
0.6459958150473721,-0.4520936424334103,1
-0.02379369516329636,1.000455340045964,0
1.9881557279005606,0.4259354057041508,1
1.9976138608669103,0.3978197231011223,1
0.009287226592233126,0.4064571496538073,1
0.1012804516331202,0.9836068105421848,0
0.8072224591249222,0.6014323862861253,0
1.3864707072735443,-0.4292467945679937,1
2.6904443448692167e-05,0.3865137560419074,1
-0.033770596636223255,1.0093987638867699,0
1.904555072192524,0.07258226804161486,1
1.7955496942033036,-0.10928513513499348,1
1.4220795078076514,-0.44106378575682315,1
-0.32613465339696573,0.9358328335543441,0
0.9234203950169296,0.4000488862026639,0
-0.8756734120584648,0.476973499323611,0
1.8170050072437345,-0.06619930058070343,1
-0.3912501848198144,0.8977003963051691,0
0.7147484193065496,-0.46042831055245176,1
-0.8336075000876894,0.575276394090711,0
0.547374473932878,-0.3770274915887568,1
1.6692632201952764,-0.24293872726405027,1
-0.47310307385592537,0.866497925569704,0
-0.6787308122680297,0.7281764588354537,0
-0.9323228436036581,0.31678559275515283,0
0.46153009733818556,-0.3447831798434629,1
0.6762980641593596,0.7324927725673199,0
0.6949049600790016,0.7283847482634332,0
0.9976619975495893,0.00558960143846592,0
-0.985883100481142,0.10111055253054413,0
0.5820351409509763,-0.39851112565547236,1
0.8790796424622077,-0.48071205246106663,1
0.5662570816731683,0.8130469336489045,0
-0.014887929907630926,0.3714656771049523,1
0.1385342573651703,-0.019672424684247417,1
-0.7417422006715798,0.6686128741504824,0
0.10398296283100447,0.09320445423782477,1
-0.611055443274082,0.8226754615022474,0
-0.03993022345114296,0.9911808972953312,0
0.990805625055095,0.15678222804703054,0
0.04675006649302678,1.0117191426337075,0
1.8729867538468636,0.011267054687799618,1
1.0968788665087217,-0.5071129690786824,1
1.2957230453670265,-0.45626811005235135,1
1.3526903552372342,-0.44752901577538096,1
1.2534048555696125,-0.4559712135488641,1
0.7246177773996885,0.6912910106084795,0
1.4322468420478718,-0.4089200995359401,1
0.9007638820730318,-0.5063961544118764,1
1.9537824547177174,0.13602771265295047,1
1.578068195714881,-0.3266348312423379,1
0.5916245264997175,-0.4299317981818921,1
0.24192766717183092,-0.15657143697921433,1
0.9337117211970516,0.39020662446061916,0
1.0146182319574668,-0.511972997549877,1
0.8185764638042354,-0.4880268339684775,1
0.6659280704454459,0.7417603701032137,0
1.7846229480754978,-0.13127575153449278,1
